C 1.34 1.34 0
1 13.936 0 1
2 -15.6869333333333 -3.01946666666667 1
3 0 -12.0778666666667 1
4 13.936 -12.0778666666667 1
5 -13.936 -12.0778666666667 1
6 10.452 -6.03893333333333 1
7 -6.968 -18.0989333333333 1
8 6.968 -18.0989333333333 1
9 17.42 -6.03893333333333 1
10 -8.71893333333333 -9.0584 1
11 6.968 -12.0778666666667 1
12 0 -18.0989333333333 1
13 -17.42 -6.03893333333333 1
14 22.6370666666667 -3.01946666666667 1
15 -6.968 -12.0778666666667 1
16 12.2029333333333 -15.0794666666667 1
17 -12.2029333333333 -3.01946666666667 1
18 1.75093333333333 -15.0794666666667 1
19 -12.2029333333333 -15.0794666666667 1
20 20.904 0 1
21 -22.6370666666667 -3.01946666666667 1
22 12.2029333333333 -9.0584 1
23 -12.2029333333333 -21.1184 1
24 5.23493333333333 -15.0794666666667 1
25 15.6869333333333 -15.0794666666667 1
26 -12.2029333333333 -9.0584 1
27 15.6869333333333 -3.01946666666667 1
28 -5.23493333333333 -15.0794666666667 1
29 1.75093333333333 -21.1184 1
30 -19.1530666666667 -9.0584 1
31 19.1530666666667 -9.0584 1
32 -10.452 -6.03893333333333 1
33 -5.23493333333333 -21.1184 1
34 3.484 -12.0778666666667 1
35 8.71893333333333 -21.1184 1
36 -3.484 -12.0778666666667 1
37 -15.6869333333333 -15.0794666666667 1
38 12.2029333333333 -3.01946666666667 1
39 13.936 -18.0989333333333 1
40 -10.452 -12.0778666666667 1
41 19.1530666666667 -3.01946666666667 1
42 -13.936 -6.03893333333333 1
43 10.452 -12.0778666666667 1
44 -3.484 -18.0989333333333 1
45 -17.42 -12.0778666666667 1
46 12.2029333333333 -21.1184 1
47 20.904 -6.03893333333333 1
48 -10.452 -18.0989333333333 1
49 8.71893333333333 -15.0794666666667 1
50 -19.1530666666667 -3.01946666666667 1
51 -1.75093333333333 -15.0794666666667 1
52 5.23493333333333 -21.1184 1
53 15.6869333333333 -9.0584 1
54 -13.936 -18.0989333333333 1
55 -15.6869333333333 -9.0584 1
56 17.42 0 1
57 -1.75093333333333 -21.1184 1
58 10.452 -18.0989333333333 1
59 -20.904 -6.03893333333333 1
60 -8.71893333333333 -15.0794666666667 1
61 8.71893333333333 -9.0584 1
62 24.388 0 1
63 3.484 -18.0989333333333 1
64 17.42 -12.0778666666667 1
65 -8.71893333333333 -21.1184 1
66 13.936 -6.03893333333333 1
67 -24.388 -6.03893333333333 1
68 6.968 -24.1378666666667 1
69 24.388 -6.03893333333333 1
70 -17.42 -18.0989333333333 1
71 -8.71893333333333 -27.1573333333333 1
72 19.1530666666667 -15.0794666666667 1
73 29.6229333333333 -3.01946666666667 1
74 -24.388 -12.0778666666667 1
75 0 -24.1378666666667 1
76 13.936 -24.1378666666667 1
77 -17.42 -24.1378666666667 1
78 24.388 -12.0778666666667 1
79 5.23493333333333 -27.1573333333333 1
80 -20.904 -12.0778666666667 1
81 27.872 0 1
82 -6.968 -24.1378666666667 1
83 -31.356 -6.03893333333333 1
84 19.1530666666667 -21.1184 1
85 27.872 -6.03893333333333 1
86 -20.904 -18.0989333333333 1
87 -3.484 -30.1768 1
88 12.2029333333333 -27.1573333333333 1
89 22.6370666666667 -15.0794666666667 1
90 -13.936 -24.1378666666667 1
91 -26.1210666666667 -9.0584 1
92 34.84 0 1
93 -24.388 -18.0989333333333 1
94 19.1530666666667 -27.1573333333333 1
95 -3.484 -24.1378666666667 1
96 -29.6229333333333 -3.01946666666667 1
97 -17.42 -30.1768 1
98 22.6370666666667 -9.0584 1
99 1.75093333333333 -27.1573333333333 1
100 24.388 -18.0989333333333 1
101 -27.872 -12.0778666666667 1
102 15.6869333333333 -21.1184 1
103 -19.1530666666667 -21.1184 1
104 13.936 -30.1768 1
105 -12.2029333333333 -27.1573333333333 1
106 -26.1210666666667 -3.01946666666667 1
107 31.356 0 1
108 6.968 -30.1768 1
109 29.6229333333333 -9.0584 1
110 -22.6370666666667 -15.0794666666667 1
111 -20.904 -24.1378666666667 1
112 17.42 -18.0989333333333 1
113 3.484 -24.1378666666667 1
114 -10.452 -30.1768 1
115 26.1210666666667 -3.01946666666667 1
116 -33.0890666666667 -3.01946666666667 1
117 -1.75093333333333 -27.1573333333333 1
118 17.42 -24.1378666666667 1
119 -22.6370666666667 -9.0584 1
120 26.1210666666667 -15.0794666666667 1
121 8.71893333333333 -27.1573333333333 1
122 -19.1530666666667 -15.0794666666667 1
123 -15.6869333333333 -27.1573333333333 1
124 20.904 -12.0778666666667 1
125 31.356 -6.03893333333333 1
126 20.904 -18.0989333333333 1
127 -27.872 -6.03893333333333 1
128 15.6869333333333 -27.1573333333333 1
129 -22.6370666666667 -21.1184 1
130 -5.23493333333333 -27.1573333333333 1
131 26.1210666666667 -9.0584 1
132 20.904 -24.1378666666667 1
133 3.484 -30.1768 1
134 -29.6229333333333 -9.0584 1
135 33.0890666666667 -3.01946666666667 1
136 10.452 -24.1378666666667 1
137 -19.1530666666667 -27.1573333333333 1
138 27.872 -12.0778666666667 1
139 -6.968 -30.1768 1
140 22.6370666666667 -21.1184 1
141 17.42 -30.1768 1
142 -10.452 -24.1378666666667 1
143 -26.1210666666667 -15.0794666666667 1
144 0 -30.1768 1
145 -15.6869333333333 -21.1184 1
146 -13.936 -30.1768 1
147 10.452 -30.1768 1
148 -10.452 0 1
149 -1.75093333333333 -9.0584 1
150 8.71893333333333 -3.01946666666667 1
151 -5.23493333333333 9.0584 1
152 3.484 6.03893333333333 1
153 -5.23493333333333 -3.01946666666667 1
154 3.484 -6.03893333333333 1
155 8.71893333333333 3.01946666666667 1
156 -5.23493333333333 -9.0584 1
157 -8.71893333333333 3.01946666666667 1
158 5.23493333333333 -9.0584 1
159 1.75093333333333 9.0584 1
160 -3.484 -6.03893333333333 1
161 10.452 0 1
162 6.968 6.03893333333333 1
163 -3.484 0 1
164 0 0 1
165 3.484 0 1
166 -1.75093333333333 3.01946666666667 1
167 -1.75093333333333 -3.01946666666667 1
168 1.75093333333333 3.01946666666667 1
169 1.75093333333333 -3.01946666666667 1
170 -6.968 6.03893333333333 1
171 -6.968 -6.03893333333333 1
172 5.23493333333333 9.0584 1
173 5.23493333333333 -3.01946666666667 1
174 -6.968 0 1
175 1.75093333333333 -9.0584 1
176 0 6.03893333333333 1
177 5.23493333333333 3.01946666666667 1
178 -5.23493333333333 3.01946666666667 1
179 0 -6.03893333333333 1
180 -1.75093333333333 9.0584 1
181 6.968 -6.03893333333333 1
182 -8.71893333333333 -3.01946666666667 1
183 6.968 0 1
184 -3.484 6.03893333333333 1
185 -34.84 0 1
186 10.452 30.1768 1
187 -20.904 24.1378666666667 1
188 22.6370666666667 15.0794666666667 1
189 -24.388 12.0778666666667 1
190 -3.484 30.1768 1
191 20.904 24.1378666666667 1
192 -29.6229333333333 3.01946666666667 1
193 31.356 6.03893333333333 1
194 -13.936 30.1768 1
195 5.23493333333333 27.1573333333333 1
196 -20.904 18.0989333333333 1
197 15.6869333333333 27.1573333333333 1
198 -29.6229333333333 9.0584 1
199 26.1210666666667 15.0794666666667 1
200 -19.1530666666667 27.1573333333333 1
201 -5.23493333333333 27.1573333333333 1
202 33.0890666666667 3.01946666666667 1
203 -26.1210666666667 15.0794666666667 1
204 26.1210666666667 9.0584 1
205 -33.0890666666667 3.01946666666667 1
206 3.484 30.1768 1
207 19.1530666666667 21.1184 1
208 17.42 30.1768 1
209 -10.452 30.1768 1
210 -19.1530666666667 21.1184 1
211 29.6229333333333 3.01946666666667 1
212 24.388 18.0989333333333 1
213 -27.872 12.0778666666667 1
214 27.872 12.0778666666667 1
215 17.42 24.1378666666667 1
216 -31.356 0 1
217 0 30.1768 1
218 -13.936 24.1378666666667 1
219 -24.388 6.03893333333333 1
220 10.452 24.1378666666667 1
221 -22.6370666666667 21.1184 1
222 20.904 12.0778666666667 1
223 -3.484 24.1378666666667 1
224 22.6370666666667 21.1184 1
225 -27.872 0 1
226 13.936 30.1768 1
227 26.1210666666667 3.01946666666667 1
228 -19.1530666666667 15.0794666666667 1
229 -12.2029333333333 27.1573333333333 1
230 -31.356 6.03893333333333 1
231 17.42 18.0989333333333 1
232 6.968 30.1768 1
233 29.6229333333333 9.0584 1
234 3.484 24.1378666666667 1
235 -24.388 18.0989333333333 1
236 -17.42 30.1768 1
237 19.1530666666667 27.1573333333333 1
238 -6.968 30.1768 1
239 24.388 6.03893333333333 1
240 -26.1210666666667 9.0584 1
241 12.2029333333333 27.1573333333333 1
242 -17.42 24.1378666666667 1
243 24.388 12.0778666666667 1
244 -6.968 24.1378666666667 1
245 -26.1210666666667 3.01946666666667 1
246 1.75093333333333 27.1573333333333 1
247 -20.904 12.0778666666667 1
248 15.6869333333333 21.1184 1
249 27.872 6.03893333333333 1
250 -15.6869333333333 21.1184 1
251 6.968 24.1378666666667 1
252 19.1530666666667 15.0794666666667 1
253 -27.872 6.03893333333333 1
254 -8.71893333333333 27.1573333333333 1
255 13.936 24.1378666666667 1
256 -22.6370666666667 15.0794666666667 1
257 0 24.1378666666667 1
258 22.6370666666667 9.0584 1
259 -15.6869333333333 27.1573333333333 1
260 -22.6370666666667 9.0584 1
261 20.904 18.0989333333333 1
262 8.71893333333333 27.1573333333333 1
263 -10.452 24.1378666666667 1
264 -17.42 18.0989333333333 1
265 -1.75093333333333 27.1573333333333 1
266 -24.388 0 1
267 19.1530666666667 9.0584 1
268 8.71893333333333 21.1184 1
269 -5.23493333333333 21.1184 1
270 -17.42 12.0778666666667 1
271 15.6869333333333 15.0794666666667 1
272 -19.1530666666667 3.01946666666667 1
273 22.6370666666667 3.01946666666667 1
274 3.484 18.0989333333333 1
275 -13.936 18.0989333333333 1
276 12.2029333333333 21.1184 1
277 -6.968 18.0989333333333 1
278 15.6869333333333 9.0584 1
279 -19.1530666666667 9.0584 1
280 1.75093333333333 21.1184 1
281 8.71893333333333 15.0794666666667 1
282 -20.904 0 1
283 19.1530666666667 3.01946666666667 1
284 -12.2029333333333 21.1184 1
285 17.42 12.0778666666667 1
286 -10.452 12.0778666666667 1
287 -1.75093333333333 15.0794666666667 1
288 -15.6869333333333 3.01946666666667 1
289 13.936 18.0989333333333 1
290 13.936 6.03893333333333 1
291 -15.6869333333333 15.0794666666667 1
292 5.23493333333333 21.1184 1
293 -22.6370666666667 3.01946666666667 1
294 -8.71893333333333 21.1184 1
295 13.936 12.0778666666667 1
296 -15.6869333333333 9.0584 1
297 3.484 12.0778666666667 1
298 -1.75093333333333 21.1184 1
299 20.904 6.03893333333333 1
300 10.452 18.0989333333333 1
301 -17.42 0 1
302 -8.71893333333333 15.0794666666667 1
303 -20.904 6.03893333333333 1
304 12.2029333333333 9.0584 1
305 -10.452 6.03893333333333 1
306 0 18.0989333333333 1
307 12.2029333333333 15.0794666666667 1
308 -12.2029333333333 15.0794666666667 1
309 6.968 18.0989333333333 1
310 -3.484 12.0778666666667 1
311 -17.42 6.03893333333333 1
312 10.452 6.03893333333333 1
313 -13.936 12.0778666666667 1
314 6.968 12.0778666666667 1
315 -10.452 18.0989333333333 1
316 -3.484 18.0989333333333 1
317 -13.936 6.03893333333333 1
318 1.75093333333333 15.0794666666667 1
319 17.42 6.03893333333333 1
320 -6.968 12.0778666666667 1
321 8.71893333333333 9.0584 1
322 -8.71893333333333 9.0584 1
323 5.23493333333333 15.0794666666667 1
324 15.6869333333333 3.01946666666667 1
325 -13.936 0 1
326 -5.23493333333333 15.0794666666667 1
327 0 12.0778666666667 1
328 10.452 12.0778666666667 1
329 -12.2029333333333 9.0584 1
330 -12.2029333333333 3.01946666666667 1
331 12.2029333333333 3.01946666666667 1
332 12.376 -0.78 1
333 -17.2469333333333 -3.79946666666667 1
334 -1.56 -12.8578666666667 1
335 12.376 -12.8578666666667 1
336 -15.496 -12.8578666666667 1
337 8.892 -6.81893333333333 1
338 -8.528 -18.8789333333333 1
339 5.408 -18.8789333333333 1
340 15.86 -6.81893333333333 1
341 -10.2789333333333 -9.8384 1
342 5.408 -12.8578666666667 1
343 -1.56 -18.8789333333333 1
344 -18.98 -6.81893333333333 1
345 21.0770666666667 -3.79946666666667 1
346 -8.528 -12.8578666666667 1
347 10.6429333333333 -15.8594666666667 1
348 -13.7629333333333 -3.79946666666667 1
349 0.19093333333333 -15.8594666666667 1
350 -13.7629333333333 -15.8594666666667 1
351 19.344 -0.78 1
352 -24.1970666666667 -3.79946666666667 1
353 10.6429333333333 -9.8384 1
354 -13.7629333333333 -21.8984 1
355 3.67493333333333 -15.8594666666667 1
356 14.1269333333333 -15.8594666666667 1
357 -13.7629333333333 -9.8384 1
358 14.1269333333333 -3.79946666666667 1
359 -6.79493333333333 -15.8594666666667 1
360 0.19093333333333 -21.8984 1
361 -20.7130666666667 -9.8384 1
362 17.5930666666667 -9.8384 1
363 -12.012 -6.81893333333333 1
364 -6.79493333333333 -21.8984 1
365 1.924 -12.8578666666667 1
366 7.15893333333333 -21.8984 1
367 -5.044 -12.8578666666667 1
368 -17.2469333333333 -15.8594666666667 1
369 10.6429333333333 -3.79946666666667 1
370 12.376 -18.8789333333333 1
371 -12.012 -12.8578666666667 1
372 17.5930666666667 -3.79946666666667 1
373 -15.496 -6.81893333333333 1
374 8.892 -12.8578666666667 1
375 -5.044 -18.8789333333333 1
376 -18.98 -12.8578666666667 1
377 10.6429333333333 -21.8984 1
378 19.344 -6.81893333333333 1
379 -12.012 -18.8789333333333 1
380 7.15893333333333 -15.8594666666667 1
381 -20.7130666666667 -3.79946666666667 1
382 -3.31093333333333 -15.8594666666667 1
383 3.67493333333333 -21.8984 1
384 14.1269333333333 -9.8384 1
385 -15.496 -18.8789333333333 1
386 -17.2469333333333 -9.8384 1
387 15.86 -0.78 1
388 -3.31093333333333 -21.8984 1
389 8.892 -18.8789333333333 1
390 -22.464 -6.81893333333333 1
391 -10.2789333333333 -15.8594666666667 1
392 7.15893333333333 -9.8384 1
393 22.828 -0.78 1
394 1.924 -18.8789333333333 1
395 15.86 -12.8578666666667 1
396 -10.2789333333333 -21.8984 1
397 12.376 -6.81893333333333 1
398 -25.948 -6.81893333333333 1
399 5.408 -24.9178666666667 1
400 22.828 -6.81893333333333 1
401 -18.98 -18.8789333333333 1
402 -10.2789333333333 -27.9373333333333 1
403 17.5930666666667 -15.8594666666667 1
404 28.0629333333333 -3.79946666666667 1
405 -25.948 -12.8578666666667 1
406 -1.56 -24.9178666666667 1
407 12.376 -24.9178666666667 1
408 -18.98 -24.9178666666667 1
409 22.828 -12.8578666666667 1
410 3.67493333333333 -27.9373333333333 1
411 -22.464 -12.8578666666667 1
412 26.312 -0.78 1
413 -8.528 -24.9178666666667 1
414 -32.916 -6.81893333333333 1
415 17.5930666666667 -21.8984 1
416 26.312 -6.81893333333333 1
417 -22.464 -18.8789333333333 1
418 -5.044 -30.9568 1
419 10.6429333333333 -27.9373333333333 1
420 21.0770666666667 -15.8594666666667 1
421 -15.496 -24.9178666666667 1
422 -27.6810666666667 -9.8384 1
423 33.28 -0.78 1
424 -25.948 -18.8789333333333 1
425 17.5930666666667 -27.9373333333333 1
426 -5.044 -24.9178666666667 1
427 -31.1829333333333 -3.79946666666667 1
428 -18.98 -30.9568 1
429 21.0770666666667 -9.8384 1
430 0.19093333333333 -27.9373333333333 1
431 22.828 -18.8789333333333 1
432 -29.432 -12.8578666666667 1
433 14.1269333333333 -21.8984 1
434 -20.7130666666667 -21.8984 1
435 12.376 -30.9568 1
436 -13.7629333333333 -27.9373333333333 1
437 -27.6810666666667 -3.79946666666667 1
438 29.796 -0.78 1
439 5.408 -30.9568 1
440 28.0629333333333 -9.8384 1
441 -24.1970666666667 -15.8594666666667 1
442 -22.464 -24.9178666666667 1
443 15.86 -18.8789333333333 1
444 1.924 -24.9178666666667 1
445 -12.012 -30.9568 1
446 24.5610666666667 -3.79946666666667 1
447 -34.6490666666667 -3.79946666666667 1
448 -3.31093333333333 -27.9373333333333 1
449 15.86 -24.9178666666667 1
450 -24.1970666666667 -9.8384 1
451 24.5610666666667 -15.8594666666667 1
452 7.15893333333333 -27.9373333333333 1
453 -20.7130666666667 -15.8594666666667 1
454 -17.2469333333333 -27.9373333333333 1
455 19.344 -12.8578666666667 1
456 29.796 -6.81893333333333 1
457 19.344 -18.8789333333333 1
458 -29.432 -6.81893333333333 1
459 14.1269333333333 -27.9373333333333 1
460 -24.1970666666667 -21.8984 1
461 -6.79493333333333 -27.9373333333333 1
462 24.5610666666667 -9.8384 1
463 19.344 -24.9178666666667 1
464 1.924 -30.9568 1
465 -31.1829333333333 -9.8384 1
466 31.5290666666667 -3.79946666666667 1
467 8.892 -24.9178666666667 1
468 -20.7130666666667 -27.9373333333333 1
469 26.312 -12.8578666666667 1
470 -8.528 -30.9568 1
471 21.0770666666667 -21.8984 1
472 15.86 -30.9568 1
473 -12.012 -24.9178666666667 1
474 -27.6810666666667 -15.8594666666667 1
475 -1.56 -30.9568 1
476 -17.2469333333333 -21.8984 1
477 -15.496 -30.9568 1
478 8.892 -30.9568 1
479 -12.012 -0.78 1
480 -3.31093333333333 -9.8384 1
481 7.15893333333333 -3.79946666666667 1
482 -6.79493333333333 8.2784 1
483 1.924 5.25893333333333 1
484 -6.79493333333333 -3.79946666666667 1
485 1.924 -6.81893333333333 1
486 7.15893333333333 2.23946666666667 1
487 -6.79493333333333 -9.8384 1
488 -10.2789333333333 2.23946666666667 1
489 3.67493333333333 -9.8384 1
490 0.19093333333333 8.2784 1
491 -5.044 -6.81893333333333 1
492 8.892 -0.78 1
493 5.408 5.25893333333333 1
494 -5.044 -0.78 1
495 -1.56 -0.78 1
496 1.924 -0.78 1
497 -3.31093333333333 2.23946666666667 1
498 -3.31093333333333 -3.79946666666667 1
499 0.19093333333333 2.23946666666667 1
500 0.19093333333333 -3.79946666666667 1
501 -8.528 5.25893333333333 1
502 -8.528 -6.81893333333333 1
503 3.67493333333333 8.2784 1
504 3.67493333333333 -3.79946666666667 1
505 -8.528 -0.78 1
506 0.19093333333333 -9.8384 1
507 -1.56 5.25893333333333 1
508 3.67493333333333 2.23946666666667 1
509 -6.79493333333333 2.23946666666667 1
510 -1.56 -6.81893333333333 1
511 -3.31093333333333 8.2784 1
512 5.408 -6.81893333333333 1
513 -10.2789333333333 -3.79946666666667 1
514 5.408 -0.78 1
515 -5.044 5.25893333333333 1
516 -36.4 -0.78 1
517 8.892 29.3968 1
518 -22.464 23.3578666666667 1
519 21.0770666666667 14.2994666666667 1
520 -25.948 11.2978666666667 1
521 -5.044 29.3968 1
522 19.344 23.3578666666667 1
523 -31.1829333333333 2.23946666666667 1
524 29.796 5.25893333333333 1
525 -15.496 29.3968 1
526 3.67493333333333 26.3773333333333 1
527 -22.464 17.3189333333333 1
528 14.1269333333333 26.3773333333333 1
529 -31.1829333333333 8.2784 1
530 24.5610666666667 14.2994666666667 1
531 -20.7130666666667 26.3773333333333 1
532 -6.79493333333333 26.3773333333333 1
533 31.5290666666667 2.23946666666667 1
534 -27.6810666666667 14.2994666666667 1
535 24.5610666666667 8.2784 1
536 -34.6490666666667 2.23946666666667 1
537 1.924 29.3968 1
538 17.5930666666667 20.3384 1
539 15.86 29.3968 1
540 -12.012 29.3968 1
541 -20.7130666666667 20.3384 1
542 28.0629333333333 2.23946666666667 1
543 22.828 17.3189333333333 1
544 -29.432 11.2978666666667 1
545 26.312 11.2978666666667 1
546 15.86 23.3578666666667 1
547 -32.916 -0.78 1
548 -1.56 29.3968 1
549 -15.496 23.3578666666667 1
550 -25.948 5.25893333333333 1
551 8.892 23.3578666666667 1
552 -24.1970666666667 20.3384 1
553 19.344 11.2978666666667 1
554 -5.044 23.3578666666667 1
555 21.0770666666667 20.3384 1
556 -29.432 -0.78 1
557 12.376 29.3968 1
558 24.5610666666667 2.23946666666667 1
559 -20.7130666666667 14.2994666666667 1
560 -13.7629333333333 26.3773333333333 1
561 -32.916 5.25893333333333 1
562 15.86 17.3189333333333 1
563 5.408 29.3968 1
564 28.0629333333333 8.2784 1
565 1.924 23.3578666666667 1
566 -25.948 17.3189333333333 1
567 -18.98 29.3968 1
568 17.5930666666667 26.3773333333333 1
569 -8.528 29.3968 1
570 22.828 5.25893333333333 1
571 -27.6810666666667 8.2784 1
572 10.6429333333333 26.3773333333333 1
573 -18.98 23.3578666666667 1
574 22.828 11.2978666666667 1
575 -8.528 23.3578666666667 1
576 -27.6810666666667 2.23946666666667 1
577 0.19093333333333 26.3773333333333 1
578 -22.464 11.2978666666667 1
579 14.1269333333333 20.3384 1
580 26.312 5.25893333333333 1
581 -17.2469333333333 20.3384 1
582 5.408 23.3578666666667 1
583 17.5930666666667 14.2994666666667 1
584 -29.432 5.25893333333333 1
585 -10.2789333333333 26.3773333333333 1
586 12.376 23.3578666666667 1
587 -24.1970666666667 14.2994666666667 1
588 -1.56 23.3578666666667 1
589 21.0770666666667 8.2784 1
590 -17.2469333333333 26.3773333333333 1
591 -24.1970666666667 8.2784 1
592 19.344 17.3189333333333 1
593 7.15893333333333 26.3773333333333 1
594 -12.012 23.3578666666667 1
595 -18.98 17.3189333333333 1
596 -3.31093333333333 26.3773333333333 1
597 -25.948 -0.78 1
598 17.5930666666667 8.2784 1
599 7.15893333333333 20.3384 1
600 -6.79493333333333 20.3384 1
601 -18.98 11.2978666666667 1
602 14.1269333333333 14.2994666666667 1
603 -20.7130666666667 2.23946666666667 1
604 21.0770666666667 2.23946666666667 1
605 1.924 17.3189333333333 1
606 -15.496 17.3189333333333 1
607 10.6429333333333 20.3384 1
608 -8.528 17.3189333333333 1
609 14.1269333333333 8.2784 1
610 -20.7130666666667 8.2784 1
611 0.19093333333333 20.3384 1
612 7.15893333333333 14.2994666666667 1
613 -22.464 -0.78 1
614 17.5930666666667 2.23946666666667 1
615 -13.7629333333333 20.3384 1
616 15.86 11.2978666666667 1
617 -12.012 11.2978666666667 1
618 -3.31093333333333 14.2994666666667 1
619 -17.2469333333333 2.23946666666667 1
620 12.376 17.3189333333333 1
621 12.376 5.25893333333333 1
622 -17.2469333333333 14.2994666666667 1
623 3.67493333333333 20.3384 1
624 -24.1970666666667 2.23946666666667 1
625 -10.2789333333333 20.3384 1
626 12.376 11.2978666666667 1
627 -17.2469333333333 8.2784 1
628 1.924 11.2978666666667 1
629 -3.31093333333333 20.3384 1
630 19.344 5.25893333333333 1
631 8.892 17.3189333333333 1
632 -18.98 -0.78 1
633 -10.2789333333333 14.2994666666667 1
634 -22.464 5.25893333333333 1
635 10.6429333333333 8.2784 1
636 -12.012 5.25893333333333 1
637 -1.56 17.3189333333333 1
638 10.6429333333333 14.2994666666667 1
639 -13.7629333333333 14.2994666666667 1
640 5.408 17.3189333333333 1
641 -5.044 11.2978666666667 1
642 -18.98 5.25893333333333 1
643 8.892 5.25893333333333 1
644 -15.496 11.2978666666667 1
645 5.408 11.2978666666667 1
646 -12.012 17.3189333333333 1
647 -5.044 17.3189333333333 1
648 -15.496 5.25893333333333 1
649 0.19093333333333 14.2994666666667 1
650 15.86 5.25893333333333 1
651 -8.528 11.2978666666667 1
652 7.15893333333333 8.2784 1
653 -10.2789333333333 8.2784 1
654 3.67493333333333 14.2994666666667 1
655 14.1269333333333 2.23946666666667 1
656 -15.496 -0.78 1
657 -6.79493333333333 14.2994666666667 1
658 -1.56 11.2978666666667 1
659 8.892 11.2978666666667 1
660 -13.7629333333333 8.2784 1
661 -13.7629333333333 2.23946666666667 1
662 10.6429333333333 2.23946666666667 1
