C 1.34 1.34 0
1 13.936 0 1
2 -15.6869333333333 -3.01946666666667 1
3 0 -12.0778666666667 1
4 13.936 -12.0778666666667 1
5 -13.936 -12.0778666666667 1
6 10.452 -6.03893333333333 1
7 -6.968 -18.0989333333333 1
8 6.968 -18.0989333333333 1
9 17.42 -6.03893333333333 1
10 -8.71893333333333 -9.0584 1
11 6.968 -12.0778666666667 1
12 0 -18.0989333333333 1
13 -17.42 -6.03893333333333 1
14 22.6370666666667 -3.01946666666667 1
15 -6.968 -12.0778666666667 1
16 12.2029333333333 -15.0794666666667 1
17 -12.2029333333333 -3.01946666666667 1
18 1.75093333333333 -15.0794666666667 1
19 -12.2029333333333 -15.0794666666667 1
20 20.904 0 1
21 -22.6370666666667 -3.01946666666667 1
22 12.2029333333333 -9.0584 1
23 -12.2029333333333 -21.1184 1
24 5.23493333333333 -15.0794666666667 1
25 15.6869333333333 -15.0794666666667 1
26 -12.2029333333333 -9.0584 1
27 15.6869333333333 -3.01946666666667 1
28 -5.23493333333333 -15.0794666666667 1
29 1.75093333333333 -21.1184 1
30 -19.1530666666667 -9.0584 1
31 19.1530666666667 -9.0584 1
32 -10.452 -6.03893333333333 1
33 -5.23493333333333 -21.1184 1
34 3.484 -12.0778666666667 1
35 8.71893333333333 -21.1184 1
36 -3.484 -12.0778666666667 1
37 -15.6869333333333 -15.0794666666667 1
38 12.2029333333333 -3.01946666666667 1
39 13.936 -18.0989333333333 1
40 -10.452 -12.0778666666667 1
41 19.1530666666667 -3.01946666666667 1
42 -13.936 -6.03893333333333 1
43 10.452 -12.0778666666667 1
44 -3.484 -18.0989333333333 1
45 -17.42 -12.0778666666667 1
46 12.2029333333333 -21.1184 1
47 20.904 -6.03893333333333 1
48 -10.452 -18.0989333333333 1
49 8.71893333333333 -15.0794666666667 1
50 -19.1530666666667 -3.01946666666667 1
51 -1.75093333333333 -15.0794666666667 1
52 5.23493333333333 -21.1184 1
53 15.6869333333333 -9.0584 1
54 -13.936 -18.0989333333333 1
55 -15.6869333333333 -9.0584 1
56 17.42 0 1
57 -1.75093333333333 -21.1184 1
58 10.452 -18.0989333333333 1
59 -20.904 -6.03893333333333 1
60 -8.71893333333333 -15.0794666666667 1
61 8.71893333333333 -9.0584 1
62 24.388 0 1
63 3.484 -18.0989333333333 1
64 17.42 -12.0778666666667 1
65 -8.71893333333333 -21.1184 1
66 13.936 -6.03893333333333 1
67 -24.388 -6.03893333333333 1
68 6.968 -24.1378666666667 1
69 24.388 -6.03893333333333 1
70 -17.42 -18.0989333333333 1
71 -8.71893333333333 -27.1573333333333 1
72 19.1530666666667 -15.0794666666667 1
73 29.6229333333333 -3.01946666666667 1
74 -24.388 -12.0778666666667 1
75 0 -24.1378666666667 1
76 13.936 -24.1378666666667 1
77 -17.42 -24.1378666666667 1
78 24.388 -12.0778666666667 1
79 5.23493333333333 -27.1573333333333 1
80 -20.904 -12.0778666666667 1
81 27.872 0 1
82 -6.968 -24.1378666666667 1
83 -31.356 -6.03893333333333 1
84 19.1530666666667 -21.1184 1
85 27.872 -6.03893333333333 1
86 -20.904 -18.0989333333333 1
87 -3.484 -30.1768 1
88 12.2029333333333 -27.1573333333333 1
89 22.6370666666667 -15.0794666666667 1
90 -13.936 -24.1378666666667 1
91 -26.1210666666667 -9.0584 1
92 34.84 0 1
93 -24.388 -18.0989333333333 1
94 19.1530666666667 -27.1573333333333 1
95 -3.484 -24.1378666666667 1
96 -29.6229333333333 -3.01946666666667 1
97 -17.42 -30.1768 1
98 22.6370666666667 -9.0584 1
99 1.75093333333333 -27.1573333333333 1
100 24.388 -18.0989333333333 1
101 -27.872 -12.0778666666667 1
102 15.6869333333333 -21.1184 1
103 -19.1530666666667 -21.1184 1
104 13.936 -30.1768 1
105 -12.2029333333333 -27.1573333333333 1
106 -26.1210666666667 -3.01946666666667 1
107 31.356 0 1
108 6.968 -30.1768 1
109 29.6229333333333 -9.0584 1
110 -22.6370666666667 -15.0794666666667 1
111 -20.904 -24.1378666666667 1
112 17.42 -18.0989333333333 1
113 3.484 -24.1378666666667 1
114 -10.452 -30.1768 1
115 26.1210666666667 -3.01946666666667 1
116 -33.0890666666667 -3.01946666666667 1
117 -1.75093333333333 -27.1573333333333 1
118 17.42 -24.1378666666667 1
119 -22.6370666666667 -9.0584 1
120 26.1210666666667 -15.0794666666667 1
121 8.71893333333333 -27.1573333333333 1
122 -19.1530666666667 -15.0794666666667 1
123 -15.6869333333333 -27.1573333333333 1
124 20.904 -12.0778666666667 1
125 31.356 -6.03893333333333 1
126 20.904 -18.0989333333333 1
127 -27.872 -6.03893333333333 1
128 15.6869333333333 -27.1573333333333 1
129 -22.6370666666667 -21.1184 1
130 -5.23493333333333 -27.1573333333333 1
131 26.1210666666667 -9.0584 1
132 20.904 -24.1378666666667 1
133 3.484 -30.1768 1
134 -29.6229333333333 -9.0584 1
135 33.0890666666667 -3.01946666666667 1
136 10.452 -24.1378666666667 1
137 -19.1530666666667 -27.1573333333333 1
138 27.872 -12.0778666666667 1
139 -6.968 -30.1768 1
140 22.6370666666667 -21.1184 1
141 17.42 -30.1768 1
142 -10.452 -24.1378666666667 1
143 -26.1210666666667 -15.0794666666667 1
144 0 -30.1768 1
145 -15.6869333333333 -21.1184 1
146 -13.936 -30.1768 1
147 10.452 -30.1768 1
148 -10.452 0 1
149 -1.75093333333333 -9.0584 1
150 8.71893333333333 -3.01946666666667 1
151 -5.23493333333333 9.0584 1
152 3.484 6.03893333333333 1
153 -5.23493333333333 -3.01946666666667 1
154 3.484 -6.03893333333333 1
155 8.71893333333333 3.01946666666667 1
156 -5.23493333333333 -9.0584 1
157 -8.71893333333333 3.01946666666667 1
158 5.23493333333333 -9.0584 1
159 1.75093333333333 9.0584 1
160 -3.484 -6.03893333333333 1
161 10.452 0 1
162 6.968 6.03893333333333 1
163 -3.484 0 1
164 0 0 1
165 3.484 0 1
166 -1.75093333333333 3.01946666666667 1
167 -1.75093333333333 -3.01946666666667 1
168 1.75093333333333 3.01946666666667 1
169 1.75093333333333 -3.01946666666667 1
170 -6.968 6.03893333333333 1
171 -6.968 -6.03893333333333 1
172 5.23493333333333 9.0584 1
173 5.23493333333333 -3.01946666666667 1
174 -6.968 0 1
175 1.75093333333333 -9.0584 1
176 0 6.03893333333333 1
177 5.23493333333333 3.01946666666667 1
178 -5.23493333333333 3.01946666666667 1
179 0 -6.03893333333333 1
180 -1.75093333333333 9.0584 1
181 6.968 -6.03893333333333 1
182 -8.71893333333333 -3.01946666666667 1
183 6.968 0 1
184 -3.484 6.03893333333333 1
185 -34.84 0 1
186 10.452 30.1768 1
187 -20.904 24.1378666666667 1
188 22.6370666666667 15.0794666666667 1
189 -24.388 12.0778666666667 1
190 -3.484 30.1768 1
191 20.904 24.1378666666667 1
192 -29.6229333333333 3.01946666666667 1
193 31.356 6.03893333333333 1
194 -13.936 30.1768 1
195 5.23493333333333 27.1573333333333 1
196 -20.904 18.0989333333333 1
197 15.6869333333333 27.1573333333333 1
198 -29.6229333333333 9.0584 1
199 26.1210666666667 15.0794666666667 1
200 -19.1530666666667 27.1573333333333 1
201 -5.23493333333333 27.1573333333333 1
202 33.0890666666667 3.01946666666667 1
203 -26.1210666666667 15.0794666666667 1
204 26.1210666666667 9.0584 1
205 -33.0890666666667 3.01946666666667 1
206 3.484 30.1768 1
207 19.1530666666667 21.1184 1
208 17.42 30.1768 1
209 -10.452 30.1768 1
210 -19.1530666666667 21.1184 1
211 29.6229333333333 3.01946666666667 1
212 24.388 18.0989333333333 1
213 -27.872 12.0778666666667 1
214 27.872 12.0778666666667 1
215 17.42 24.1378666666667 1
216 -31.356 0 1
217 0 30.1768 1
218 -13.936 24.1378666666667 1
219 -24.388 6.03893333333333 1
220 10.452 24.1378666666667 1
221 -22.6370666666667 21.1184 1
222 20.904 12.0778666666667 1
223 -3.484 24.1378666666667 1
224 22.6370666666667 21.1184 1
225 -27.872 0 1
226 13.936 30.1768 1
227 26.1210666666667 3.01946666666667 1
228 -19.1530666666667 15.0794666666667 1
229 -12.2029333333333 27.1573333333333 1
230 -31.356 6.03893333333333 1
231 17.42 18.0989333333333 1
232 6.968 30.1768 1
233 29.6229333333333 9.0584 1
234 3.484 24.1378666666667 1
235 -24.388 18.0989333333333 1
236 -17.42 30.1768 1
237 19.1530666666667 27.1573333333333 1
238 -6.968 30.1768 1
239 24.388 6.03893333333333 1
240 -26.1210666666667 9.0584 1
241 12.2029333333333 27.1573333333333 1
242 -17.42 24.1378666666667 1
243 24.388 12.0778666666667 1
244 -6.968 24.1378666666667 1
245 -26.1210666666667 3.01946666666667 1
246 1.75093333333333 27.1573333333333 1
247 -20.904 12.0778666666667 1
248 15.6869333333333 21.1184 1
249 27.872 6.03893333333333 1
250 -15.6869333333333 21.1184 1
251 6.968 24.1378666666667 1
252 19.1530666666667 15.0794666666667 1
253 -27.872 6.03893333333333 1
254 -8.71893333333333 27.1573333333333 1
255 13.936 24.1378666666667 1
256 -22.6370666666667 15.0794666666667 1
257 0 24.1378666666667 1
258 22.6370666666667 9.0584 1
259 -15.6869333333333 27.1573333333333 1
260 -22.6370666666667 9.0584 1
261 20.904 18.0989333333333 1
262 8.71893333333333 27.1573333333333 1
263 -10.452 24.1378666666667 1
264 -17.42 18.0989333333333 1
265 -1.75093333333333 27.1573333333333 1
266 -24.388 0 1
267 19.1530666666667 9.0584 1
268 8.71893333333333 21.1184 1
269 -5.23493333333333 21.1184 1
270 -17.42 12.0778666666667 1
271 15.6869333333333 15.0794666666667 1
272 -19.1530666666667 3.01946666666667 1
273 22.6370666666667 3.01946666666667 1
274 3.484 18.0989333333333 1
275 -13.936 18.0989333333333 1
276 12.2029333333333 21.1184 1
277 -6.968 18.0989333333333 1
278 15.6869333333333 9.0584 1
279 -19.1530666666667 9.0584 1
280 1.75093333333333 21.1184 1
281 8.71893333333333 15.0794666666667 1
282 -20.904 0 1
283 19.1530666666667 3.01946666666667 1
284 -12.2029333333333 21.1184 1
285 17.42 12.0778666666667 1
286 -10.452 12.0778666666667 1
287 -1.75093333333333 15.0794666666667 1
288 -15.6869333333333 3.01946666666667 1
289 13.936 18.0989333333333 1
290 13.936 6.03893333333333 1
291 -15.6869333333333 15.0794666666667 1
292 5.23493333333333 21.1184 1
293 -22.6370666666667 3.01946666666667 1
294 -8.71893333333333 21.1184 1
295 13.936 12.0778666666667 1
296 -15.6869333333333 9.0584 1
297 3.484 12.0778666666667 1
298 -1.75093333333333 21.1184 1
299 20.904 6.03893333333333 1
300 10.452 18.0989333333333 1
301 -17.42 0 1
302 -8.71893333333333 15.0794666666667 1
303 -20.904 6.03893333333333 1
304 12.2029333333333 9.0584 1
305 -10.452 6.03893333333333 1
306 0 18.0989333333333 1
307 12.2029333333333 15.0794666666667 1
308 -12.2029333333333 15.0794666666667 1
309 6.968 18.0989333333333 1
310 -3.484 12.0778666666667 1
311 -17.42 6.03893333333333 1
312 10.452 6.03893333333333 1
313 -13.936 12.0778666666667 1
314 6.968 12.0778666666667 1
315 -10.452 18.0989333333333 1
316 -3.484 18.0989333333333 1
317 -13.936 6.03893333333333 1
318 1.75093333333333 15.0794666666667 1
319 17.42 6.03893333333333 1
320 -6.968 12.0778666666667 1
321 8.71893333333333 9.0584 1
322 -8.71893333333333 9.0584 1
323 5.23493333333333 15.0794666666667 1
324 15.6869333333333 3.01946666666667 1
325 -13.936 0 1
326 -5.23493333333333 15.0794666666667 1
327 0 12.0778666666667 1
328 10.452 12.0778666666667 1
329 -12.2029333333333 9.0584 1
330 -12.2029333333333 3.01946666666667 1
331 12.2029333333333 3.01946666666667 1
332 8.716 -4.53 1
333 -20.9069333333333 -7.54946666666667 1
334 -5.22 -16.6078666666667 1
335 8.716 -16.6078666666667 1
336 -19.156 -16.6078666666667 1
337 5.232 -10.5689333333333 1
338 -12.188 -22.6289333333333 1
339 1.748 -22.6289333333333 1
340 12.2 -10.5689333333333 1
341 -13.9389333333333 -13.5884 1
342 1.748 -16.6078666666667 1
343 -5.22 -22.6289333333333 1
344 -22.64 -10.5689333333333 1
345 17.4170666666667 -7.54946666666667 1
346 -12.188 -16.6078666666667 1
347 6.9829333333333 -19.6094666666667 1
348 -17.4229333333333 -7.54946666666667 1
349 -3.46906666666667 -19.6094666666667 1
350 -17.4229333333333 -19.6094666666667 1
351 15.684 -4.53 1
352 -27.8570666666667 -7.54946666666667 1
353 6.9829333333333 -13.5884 1
354 -17.4229333333333 -25.6484 1
355 0.0149333333333299 -19.6094666666667 1
356 10.4669333333333 -19.6094666666667 1
357 -17.4229333333333 -13.5884 1
358 10.4669333333333 -7.54946666666667 1
359 -10.4549333333333 -19.6094666666667 1
360 -3.46906666666667 -25.6484 1
361 -24.3730666666667 -13.5884 1
362 13.9330666666667 -13.5884 1
363 -15.672 -10.5689333333333 1
364 -10.4549333333333 -25.6484 1
365 -1.736 -16.6078666666667 1
366 3.49893333333333 -25.6484 1
367 -8.704 -16.6078666666667 1
368 -20.9069333333333 -19.6094666666667 1
369 6.9829333333333 -7.54946666666667 1
370 8.716 -22.6289333333333 1
371 -15.672 -16.6078666666667 1
372 13.9330666666667 -7.54946666666667 1
373 -19.156 -10.5689333333333 1
374 5.232 -16.6078666666667 1
375 -8.704 -22.6289333333333 1
376 -22.64 -16.6078666666667 1
377 6.9829333333333 -25.6484 1
378 15.684 -10.5689333333333 1
379 -15.672 -22.6289333333333 1
380 3.49893333333333 -19.6094666666667 1
381 -24.3730666666667 -7.54946666666667 1
382 -6.97093333333333 -19.6094666666667 1
383 0.0149333333333299 -25.6484 1
384 10.4669333333333 -13.5884 1
385 -19.156 -22.6289333333333 1
386 -20.9069333333333 -13.5884 1
387 12.2 -4.53 1
388 -6.97093333333333 -25.6484 1
389 5.232 -22.6289333333333 1
390 -26.124 -10.5689333333333 1
391 -13.9389333333333 -19.6094666666667 1
392 3.49893333333333 -13.5884 1
393 19.168 -4.53 1
394 -1.736 -22.6289333333333 1
395 12.2 -16.6078666666667 1
396 -13.9389333333333 -25.6484 1
397 8.716 -10.5689333333333 1
398 -29.608 -10.5689333333333 1
399 1.748 -28.6678666666667 1
400 19.168 -10.5689333333333 1
401 -22.64 -22.6289333333333 1
402 -13.9389333333333 -31.6873333333333 1
403 13.9330666666667 -19.6094666666667 1
404 24.4029333333333 -7.54946666666667 1
405 -29.608 -16.6078666666667 1
406 -5.22 -28.6678666666667 1
407 8.716 -28.6678666666667 1
408 -22.64 -28.6678666666667 1
409 19.168 -16.6078666666667 1
410 0.0149333333333299 -31.6873333333333 1
411 -26.124 -16.6078666666667 1
412 22.652 -4.53 1
413 -12.188 -28.6678666666667 1
414 -36.576 -10.5689333333333 1
415 13.9330666666667 -25.6484 1
416 22.652 -10.5689333333333 1
417 -26.124 -22.6289333333333 1
418 -8.704 -34.7068 1
419 6.9829333333333 -31.6873333333333 1
420 17.4170666666667 -19.6094666666667 1
421 -19.156 -28.6678666666667 1
422 -31.3410666666667 -13.5884 1
423 29.62 -4.53 1
424 -29.608 -22.6289333333333 1
425 13.9330666666667 -31.6873333333333 1
426 -8.704 -28.6678666666667 1
427 -34.8429333333333 -7.54946666666667 1
428 -22.64 -34.7068 1
429 17.4170666666667 -13.5884 1
430 -3.46906666666667 -31.6873333333333 1
431 19.168 -22.6289333333333 1
432 -33.092 -16.6078666666667 1
433 10.4669333333333 -25.6484 1
434 -24.3730666666667 -25.6484 1
435 8.716 -34.7068 1
436 -17.4229333333333 -31.6873333333333 1
437 -31.3410666666667 -7.54946666666667 1
438 26.136 -4.53 1
439 1.748 -34.7068 1
440 24.4029333333333 -13.5884 1
441 -27.8570666666667 -19.6094666666667 1
442 -26.124 -28.6678666666667 1
443 12.2 -22.6289333333333 1
444 -1.736 -28.6678666666667 1
445 -15.672 -34.7068 1
446 20.9010666666667 -7.54946666666667 1
447 -38.3090666666667 -7.54946666666667 1
448 -6.97093333333333 -31.6873333333333 1
449 12.2 -28.6678666666667 1
450 -27.8570666666667 -13.5884 1
451 20.9010666666667 -19.6094666666667 1
452 3.49893333333333 -31.6873333333333 1
453 -24.3730666666667 -19.6094666666667 1
454 -20.9069333333333 -31.6873333333333 1
455 15.684 -16.6078666666667 1
456 26.136 -10.5689333333333 1
457 15.684 -22.6289333333333 1
458 -33.092 -10.5689333333333 1
459 10.4669333333333 -31.6873333333333 1
460 -27.8570666666667 -25.6484 1
461 -10.4549333333333 -31.6873333333333 1
462 20.9010666666667 -13.5884 1
463 15.684 -28.6678666666667 1
464 -1.736 -34.7068 1
465 -34.8429333333333 -13.5884 1
466 27.8690666666667 -7.54946666666667 1
467 5.232 -28.6678666666667 1
468 -24.3730666666667 -31.6873333333333 1
469 22.652 -16.6078666666667 1
470 -12.188 -34.7068 1
471 17.4170666666667 -25.6484 1
472 12.2 -34.7068 1
473 -15.672 -28.6678666666667 1
474 -31.3410666666667 -19.6094666666667 1
475 -5.22 -34.7068 1
476 -20.9069333333333 -25.6484 1
477 -19.156 -34.7068 1
478 5.232 -34.7068 1
479 -15.672 -4.53 1
480 -6.97093333333333 -13.5884 1
481 3.49893333333333 -7.54946666666667 1
482 -10.4549333333333 4.5284 1
483 -1.736 1.50893333333333 1
484 -10.4549333333333 -7.54946666666667 1
485 -1.736 -10.5689333333333 1
486 3.49893333333333 -1.51053333333333 1
487 -10.4549333333333 -13.5884 1
488 -13.9389333333333 -1.51053333333333 1
489 0.0149333333333299 -13.5884 1
490 -3.46906666666667 4.5284 1
491 -8.704 -10.5689333333333 1
492 5.232 -4.53 1
493 1.748 1.50893333333333 1
494 -8.704 -4.53 1
495 -5.22 -4.53 1
496 -1.736 -4.53 1
497 -6.97093333333333 -1.51053333333333 1
498 -6.97093333333333 -7.54946666666667 1
499 -3.46906666666667 -1.51053333333333 1
500 -3.46906666666667 -7.54946666666667 1
501 -12.188 1.50893333333333 1
502 -12.188 -10.5689333333333 1
503 0.0149333333333299 4.5284 1
504 0.0149333333333299 -7.54946666666667 1
505 -12.188 -4.53 1
506 -3.46906666666667 -13.5884 1
507 -5.22 1.50893333333333 1
508 0.0149333333333299 -1.51053333333333 1
509 -10.4549333333333 -1.51053333333333 1
510 -5.22 -10.5689333333333 1
511 -6.97093333333333 4.5284 1
512 1.748 -10.5689333333333 1
513 -13.9389333333333 -7.54946666666667 1
514 1.748 -4.53 1
515 -8.704 1.50893333333333 1
516 -40.06 -4.53 1
517 5.232 25.6468 1
518 -26.124 19.6078666666667 1
519 17.4170666666667 10.5494666666667 1
520 -29.608 7.5478666666667 1
521 -8.704 25.6468 1
522 15.684 19.6078666666667 1
523 -34.8429333333333 -1.51053333333333 1
524 26.136 1.50893333333333 1
525 -19.156 25.6468 1
526 0.0149333333333299 22.6273333333333 1
527 -26.124 13.5689333333333 1
528 10.4669333333333 22.6273333333333 1
529 -34.8429333333333 4.5284 1
530 20.9010666666667 10.5494666666667 1
531 -24.3730666666667 22.6273333333333 1
532 -10.4549333333333 22.6273333333333 1
533 27.8690666666667 -1.51053333333333 1
534 -31.3410666666667 10.5494666666667 1
535 20.9010666666667 4.5284 1
536 -38.3090666666667 -1.51053333333333 1
537 -1.736 25.6468 1
538 13.9330666666667 16.5884 1
539 12.2 25.6468 1
540 -15.672 25.6468 1
541 -24.3730666666667 16.5884 1
542 24.4029333333333 -1.51053333333333 1
543 19.168 13.5689333333333 1
544 -33.092 7.5478666666667 1
545 22.652 7.5478666666667 1
546 12.2 19.6078666666667 1
547 -36.576 -4.53 1
548 -5.22 25.6468 1
549 -19.156 19.6078666666667 1
550 -29.608 1.50893333333333 1
551 5.232 19.6078666666667 1
552 -27.8570666666667 16.5884 1
553 15.684 7.5478666666667 1
554 -8.704 19.6078666666667 1
555 17.4170666666667 16.5884 1
556 -33.092 -4.53 1
557 8.716 25.6468 1
558 20.9010666666667 -1.51053333333333 1
559 -24.3730666666667 10.5494666666667 1
560 -17.4229333333333 22.6273333333333 1
561 -36.576 1.50893333333333 1
562 12.2 13.5689333333333 1
563 1.748 25.6468 1
564 24.4029333333333 4.5284 1
565 -1.736 19.6078666666667 1
566 -29.608 13.5689333333333 1
567 -22.64 25.6468 1
568 13.9330666666667 22.6273333333333 1
569 -12.188 25.6468 1
570 19.168 1.50893333333333 1
571 -31.3410666666667 4.5284 1
572 6.9829333333333 22.6273333333333 1
573 -22.64 19.6078666666667 1
574 19.168 7.5478666666667 1
575 -12.188 19.6078666666667 1
576 -31.3410666666667 -1.51053333333333 1
577 -3.46906666666667 22.6273333333333 1
578 -26.124 7.5478666666667 1
579 10.4669333333333 16.5884 1
580 22.652 1.50893333333333 1
581 -20.9069333333333 16.5884 1
582 1.748 19.6078666666667 1
583 13.9330666666667 10.5494666666667 1
584 -33.092 1.50893333333333 1
585 -13.9389333333333 22.6273333333333 1
586 8.716 19.6078666666667 1
587 -27.8570666666667 10.5494666666667 1
588 -5.22 19.6078666666667 1
589 17.4170666666667 4.5284 1
590 -20.9069333333333 22.6273333333333 1
591 -27.8570666666667 4.5284 1
592 15.684 13.5689333333333 1
593 3.49893333333333 22.6273333333333 1
594 -15.672 19.6078666666667 1
595 -22.64 13.5689333333333 1
596 -6.97093333333333 22.6273333333333 1
597 -29.608 -4.53 1
598 13.9330666666667 4.5284 1
599 3.49893333333333 16.5884 1
600 -10.4549333333333 16.5884 1
601 -22.64 7.5478666666667 1
602 10.4669333333333 10.5494666666667 1
603 -24.3730666666667 -1.51053333333333 1
604 17.4170666666667 -1.51053333333333 1
605 -1.736 13.5689333333333 1
606 -19.156 13.5689333333333 1
607 6.9829333333333 16.5884 1
608 -12.188 13.5689333333333 1
609 10.4669333333333 4.5284 1
610 -24.3730666666667 4.5284 1
611 -3.46906666666667 16.5884 1
612 3.49893333333333 10.5494666666667 1
613 -26.124 -4.53 1
614 13.9330666666667 -1.51053333333333 1
615 -17.4229333333333 16.5884 1
616 12.2 7.5478666666667 1
617 -15.672 7.5478666666667 1
618 -6.97093333333333 10.5494666666667 1
619 -20.9069333333333 -1.51053333333333 1
620 8.716 13.5689333333333 1
621 8.716 1.50893333333333 1
622 -20.9069333333333 10.5494666666667 1
623 0.0149333333333299 16.5884 1
624 -27.8570666666667 -1.51053333333333 1
625 -13.9389333333333 16.5884 1
626 8.716 7.5478666666667 1
627 -20.9069333333333 4.5284 1
628 -1.736 7.5478666666667 1
629 -6.97093333333333 16.5884 1
630 15.684 1.50893333333333 1
631 5.232 13.5689333333333 1
632 -22.64 -4.53 1
633 -13.9389333333333 10.5494666666667 1
634 -26.124 1.50893333333333 1
635 6.9829333333333 4.5284 1
636 -15.672 1.50893333333333 1
637 -5.22 13.5689333333333 1
638 6.9829333333333 10.5494666666667 1
639 -17.4229333333333 10.5494666666667 1
640 1.748 13.5689333333333 1
641 -8.704 7.5478666666667 1
642 -22.64 1.50893333333333 1
643 5.232 1.50893333333333 1
644 -19.156 7.5478666666667 1
645 1.748 7.5478666666667 1
646 -15.672 13.5689333333333 1
647 -8.704 13.5689333333333 1
648 -19.156 1.50893333333333 1
649 -3.46906666666667 10.5494666666667 1
650 12.2 1.50893333333333 1
651 -12.188 7.5478666666667 1
652 3.49893333333333 4.5284 1
653 -13.9389333333333 4.5284 1
654 0.0149333333333299 10.5494666666667 1
655 10.4669333333333 -1.51053333333333 1
656 -19.156 -4.53 1
657 -10.4549333333333 10.5494666666667 1
658 -5.22 7.5478666666667 1
659 5.232 7.5478666666667 1
660 -17.4229333333333 4.5284 1
661 -17.4229333333333 -1.51053333333333 1
662 6.9829333333333 -1.51053333333333 1
663 8.716 4.53 1
664 -20.9069333333333 1.51053333333333 1
665 -5.22 -7.5478666666667 1
666 8.716 -7.5478666666667 1
667 -19.156 -7.5478666666667 1
668 5.232 -1.50893333333333 1
669 -12.188 -13.5689333333333 1
670 1.748 -13.5689333333333 1
671 12.2 -1.50893333333333 1
672 -13.9389333333333 -4.5284 1
673 1.748 -7.5478666666667 1
674 -5.22 -13.5689333333333 1
675 -22.64 -1.50893333333333 1
676 17.4170666666667 1.51053333333333 1
677 -12.188 -7.5478666666667 1
678 6.9829333333333 -10.5494666666667 1
679 -17.4229333333333 1.51053333333333 1
680 -3.46906666666667 -10.5494666666667 1
681 -17.4229333333333 -10.5494666666667 1
682 15.684 4.53 1
683 -27.8570666666667 1.51053333333333 1
684 6.9829333333333 -4.5284 1
685 -17.4229333333333 -16.5884 1
686 0.0149333333333299 -10.5494666666667 1
687 10.4669333333333 -10.5494666666667 1
688 -17.4229333333333 -4.5284 1
689 10.4669333333333 1.51053333333333 1
690 -10.4549333333333 -10.5494666666667 1
691 -3.46906666666667 -16.5884 1
692 -24.3730666666667 -4.5284 1
693 13.9330666666667 -4.5284 1
694 -15.672 -1.50893333333333 1
695 -10.4549333333333 -16.5884 1
696 -1.736 -7.5478666666667 1
697 3.49893333333333 -16.5884 1
698 -8.704 -7.5478666666667 1
699 -20.9069333333333 -10.5494666666667 1
700 6.9829333333333 1.51053333333333 1
701 8.716 -13.5689333333333 1
702 -15.672 -7.5478666666667 1
703 13.9330666666667 1.51053333333333 1
704 -19.156 -1.50893333333333 1
705 5.232 -7.5478666666667 1
706 -8.704 -13.5689333333333 1
707 -22.64 -7.5478666666667 1
708 6.9829333333333 -16.5884 1
709 15.684 -1.50893333333333 1
710 -15.672 -13.5689333333333 1
711 3.49893333333333 -10.5494666666667 1
712 -24.3730666666667 1.51053333333333 1
713 -6.97093333333333 -10.5494666666667 1
714 0.0149333333333299 -16.5884 1
715 10.4669333333333 -4.5284 1
716 -19.156 -13.5689333333333 1
717 -20.9069333333333 -4.5284 1
718 12.2 4.53 1
719 -6.97093333333333 -16.5884 1
720 5.232 -13.5689333333333 1
721 -26.124 -1.50893333333333 1
722 -13.9389333333333 -10.5494666666667 1
723 3.49893333333333 -4.5284 1
724 19.168 4.53 1
725 -1.736 -13.5689333333333 1
726 12.2 -7.5478666666667 1
727 -13.9389333333333 -16.5884 1
728 8.716 -1.50893333333333 1
729 -29.608 -1.50893333333333 1
730 1.748 -19.6078666666667 1
731 19.168 -1.50893333333333 1
732 -22.64 -13.5689333333333 1
733 -13.9389333333333 -22.6273333333333 1
734 13.9330666666667 -10.5494666666667 1
735 24.4029333333333 1.51053333333333 1
736 -29.608 -7.5478666666667 1
737 -5.22 -19.6078666666667 1
738 8.716 -19.6078666666667 1
739 -22.64 -19.6078666666667 1
740 19.168 -7.5478666666667 1
741 0.0149333333333299 -22.6273333333333 1
742 -26.124 -7.5478666666667 1
743 22.652 4.53 1
744 -12.188 -19.6078666666667 1
745 -36.576 -1.50893333333333 1
746 13.9330666666667 -16.5884 1
747 22.652 -1.50893333333333 1
748 -26.124 -13.5689333333333 1
749 -8.704 -25.6468 1
750 6.9829333333333 -22.6273333333333 1
751 17.4170666666667 -10.5494666666667 1
752 -19.156 -19.6078666666667 1
753 -31.3410666666667 -4.5284 1
754 29.62 4.53 1
755 -29.608 -13.5689333333333 1
756 13.9330666666667 -22.6273333333333 1
757 -8.704 -19.6078666666667 1
758 -34.8429333333333 1.51053333333333 1
759 -22.64 -25.6468 1
760 17.4170666666667 -4.5284 1
761 -3.46906666666667 -22.6273333333333 1
762 19.168 -13.5689333333333 1
763 -33.092 -7.5478666666667 1
764 10.4669333333333 -16.5884 1
765 -24.3730666666667 -16.5884 1
766 8.716 -25.6468 1
767 -17.4229333333333 -22.6273333333333 1
768 -31.3410666666667 1.51053333333333 1
769 26.136 4.53 1
770 1.748 -25.6468 1
771 24.4029333333333 -4.5284 1
772 -27.8570666666667 -10.5494666666667 1
773 -26.124 -19.6078666666667 1
774 12.2 -13.5689333333333 1
775 -1.736 -19.6078666666667 1
776 -15.672 -25.6468 1
777 20.9010666666667 1.51053333333333 1
778 -38.3090666666667 1.51053333333333 1
779 -6.97093333333333 -22.6273333333333 1
780 12.2 -19.6078666666667 1
781 -27.8570666666667 -4.5284 1
782 20.9010666666667 -10.5494666666667 1
783 3.49893333333333 -22.6273333333333 1
784 -24.3730666666667 -10.5494666666667 1
785 -20.9069333333333 -22.6273333333333 1
786 15.684 -7.5478666666667 1
787 26.136 -1.50893333333333 1
788 15.684 -13.5689333333333 1
789 -33.092 -1.50893333333333 1
790 10.4669333333333 -22.6273333333333 1
791 -27.8570666666667 -16.5884 1
792 -10.4549333333333 -22.6273333333333 1
793 20.9010666666667 -4.5284 1
794 15.684 -19.6078666666667 1
795 -1.736 -25.6468 1
796 -34.8429333333333 -4.5284 1
797 27.8690666666667 1.51053333333333 1
798 5.232 -19.6078666666667 1
799 -24.3730666666667 -22.6273333333333 1
800 22.652 -7.5478666666667 1
801 -12.188 -25.6468 1
802 17.4170666666667 -16.5884 1
803 12.2 -25.6468 1
804 -15.672 -19.6078666666667 1
805 -31.3410666666667 -10.5494666666667 1
806 -5.22 -25.6468 1
807 -20.9069333333333 -16.5884 1
808 -19.156 -25.6468 1
809 5.232 -25.6468 1
810 -15.672 4.53 1
811 -6.97093333333333 -4.5284 1
812 3.49893333333333 1.51053333333333 1
813 -10.4549333333333 13.5884 1
814 -1.736 10.5689333333333 1
815 -10.4549333333333 1.51053333333333 1
816 -1.736 -1.50893333333333 1
817 3.49893333333333 7.54946666666667 1
818 -10.4549333333333 -4.5284 1
819 -13.9389333333333 7.54946666666667 1
820 0.0149333333333299 -4.5284 1
821 -3.46906666666667 13.5884 1
822 -8.704 -1.50893333333333 1
823 5.232 4.53 1
824 1.748 10.5689333333333 1
825 -8.704 4.53 1
826 -5.22 4.53 1
827 -1.736 4.53 1
828 -6.97093333333333 7.54946666666667 1
829 -6.97093333333333 1.51053333333333 1
830 -3.46906666666667 7.54946666666667 1
831 -3.46906666666667 1.51053333333333 1
832 -12.188 10.5689333333333 1
833 -12.188 -1.50893333333333 1
834 0.0149333333333299 13.5884 1
835 0.0149333333333299 1.51053333333333 1
836 -12.188 4.53 1
837 -3.46906666666667 -4.5284 1
838 -5.22 10.5689333333333 1
839 0.0149333333333299 7.54946666666667 1
840 -10.4549333333333 7.54946666666667 1
841 -5.22 -1.50893333333333 1
842 -6.97093333333333 13.5884 1
843 1.748 -1.50893333333333 1
844 -13.9389333333333 1.51053333333333 1
845 1.748 4.53 1
846 -8.704 10.5689333333333 1
847 -40.06 4.53 1
848 5.232 34.7068 1
849 -26.124 28.6678666666667 1
850 17.4170666666667 19.6094666666667 1
851 -29.608 16.6078666666667 1
852 -8.704 34.7068 1
853 15.684 28.6678666666667 1
854 -34.8429333333333 7.54946666666667 1
855 26.136 10.5689333333333 1
856 -19.156 34.7068 1
857 0.0149333333333299 31.6873333333333 1
858 -26.124 22.6289333333333 1
859 10.4669333333333 31.6873333333333 1
860 -34.8429333333333 13.5884 1
861 20.9010666666667 19.6094666666667 1
862 -24.3730666666667 31.6873333333333 1
863 -10.4549333333333 31.6873333333333 1
864 27.8690666666667 7.54946666666667 1
865 -31.3410666666667 19.6094666666667 1
866 20.9010666666667 13.5884 1
867 -38.3090666666667 7.54946666666667 1
868 -1.736 34.7068 1
869 13.9330666666667 25.6484 1
870 12.2 34.7068 1
871 -15.672 34.7068 1
872 -24.3730666666667 25.6484 1
873 24.4029333333333 7.54946666666667 1
874 19.168 22.6289333333333 1
875 -33.092 16.6078666666667 1
876 22.652 16.6078666666667 1
877 12.2 28.6678666666667 1
878 -36.576 4.53 1
879 -5.22 34.7068 1
880 -19.156 28.6678666666667 1
881 -29.608 10.5689333333333 1
882 5.232 28.6678666666667 1
883 -27.8570666666667 25.6484 1
884 15.684 16.6078666666667 1
885 -8.704 28.6678666666667 1
886 17.4170666666667 25.6484 1
887 -33.092 4.53 1
888 8.716 34.7068 1
889 20.9010666666667 7.54946666666667 1
890 -24.3730666666667 19.6094666666667 1
891 -17.4229333333333 31.6873333333333 1
892 -36.576 10.5689333333333 1
893 12.2 22.6289333333333 1
894 1.748 34.7068 1
895 24.4029333333333 13.5884 1
896 -1.736 28.6678666666667 1
897 -29.608 22.6289333333333 1
898 -22.64 34.7068 1
899 13.9330666666667 31.6873333333333 1
900 -12.188 34.7068 1
901 19.168 10.5689333333333 1
902 -31.3410666666667 13.5884 1
903 6.9829333333333 31.6873333333333 1
904 -22.64 28.6678666666667 1
905 19.168 16.6078666666667 1
906 -12.188 28.6678666666667 1
907 -31.3410666666667 7.54946666666667 1
908 -3.46906666666667 31.6873333333333 1
909 -26.124 16.6078666666667 1
910 10.4669333333333 25.6484 1
911 22.652 10.5689333333333 1
912 -20.9069333333333 25.6484 1
913 1.748 28.6678666666667 1
914 13.9330666666667 19.6094666666667 1
915 -33.092 10.5689333333333 1
916 -13.9389333333333 31.6873333333333 1
917 8.716 28.6678666666667 1
918 -27.8570666666667 19.6094666666667 1
919 -5.22 28.6678666666667 1
920 17.4170666666667 13.5884 1
921 -20.9069333333333 31.6873333333333 1
922 -27.8570666666667 13.5884 1
923 15.684 22.6289333333333 1
924 3.49893333333333 31.6873333333333 1
925 -15.672 28.6678666666667 1
926 -22.64 22.6289333333333 1
927 -6.97093333333333 31.6873333333333 1
928 -29.608 4.53 1
929 13.9330666666667 13.5884 1
930 3.49893333333333 25.6484 1
931 -10.4549333333333 25.6484 1
932 -22.64 16.6078666666667 1
933 10.4669333333333 19.6094666666667 1
934 -24.3730666666667 7.54946666666667 1
935 17.4170666666667 7.54946666666667 1
936 -1.736 22.6289333333333 1
937 -19.156 22.6289333333333 1
938 6.9829333333333 25.6484 1
939 -12.188 22.6289333333333 1
940 10.4669333333333 13.5884 1
941 -24.3730666666667 13.5884 1
942 -3.46906666666667 25.6484 1
943 3.49893333333333 19.6094666666667 1
944 -26.124 4.53 1
945 13.9330666666667 7.54946666666667 1
946 -17.4229333333333 25.6484 1
947 12.2 16.6078666666667 1
948 -15.672 16.6078666666667 1
949 -6.97093333333333 19.6094666666667 1
950 -20.9069333333333 7.54946666666667 1
951 8.716 22.6289333333333 1
952 8.716 10.5689333333333 1
953 -20.9069333333333 19.6094666666667 1
954 0.0149333333333299 25.6484 1
955 -27.8570666666667 7.54946666666667 1
956 -13.9389333333333 25.6484 1
957 8.716 16.6078666666667 1
958 -20.9069333333333 13.5884 1
959 -1.736 16.6078666666667 1
960 -6.97093333333333 25.6484 1
961 15.684 10.5689333333333 1
962 5.232 22.6289333333333 1
963 -22.64 4.53 1
964 -13.9389333333333 19.6094666666667 1
965 -26.124 10.5689333333333 1
966 6.9829333333333 13.5884 1
967 -15.672 10.5689333333333 1
968 -5.22 22.6289333333333 1
969 6.9829333333333 19.6094666666667 1
970 -17.4229333333333 19.6094666666667 1
971 1.748 22.6289333333333 1
972 -8.704 16.6078666666667 1
973 -22.64 10.5689333333333 1
974 5.232 10.5689333333333 1
975 -19.156 16.6078666666667 1
976 1.748 16.6078666666667 1
977 -15.672 22.6289333333333 1
978 -8.704 22.6289333333333 1
979 -19.156 10.5689333333333 1
980 -3.46906666666667 19.6094666666667 1
981 12.2 10.5689333333333 1
982 -12.188 16.6078666666667 1
983 3.49893333333333 13.5884 1
984 -13.9389333333333 13.5884 1
985 0.0149333333333299 19.6094666666667 1
986 10.4669333333333 7.54946666666667 1
987 -19.156 4.53 1
988 -10.4549333333333 19.6094666666667 1
989 -5.22 16.6078666666667 1
990 5.232 16.6078666666667 1
991 -17.4229333333333 13.5884 1
992 -17.4229333333333 7.54946666666667 1
993 6.9829333333333 7.54946666666667 1
