C 1.34 1.34 0
1 13.936 0 1
2 -15.6869333333333 -3.01946666666667 1
3 0 -12.0778666666667 1
4 13.936 -12.0778666666667 1
5 -13.936 -12.0778666666667 1
6 10.452 -6.03893333333333 1
7 -6.968 -18.0989333333333 1
8 6.968 -18.0989333333333 1
9 17.42 -6.03893333333333 1
10 -8.71893333333333 -9.0584 1
11 6.968 -12.0778666666667 1
12 0 -18.0989333333333 1
13 -17.42 -6.03893333333333 1
14 22.6370666666667 -3.01946666666667 1
15 -6.968 -12.0778666666667 1
16 12.2029333333333 -15.0794666666667 1
17 -12.2029333333333 -3.01946666666667 1
18 1.75093333333333 -15.0794666666667 1
19 -12.2029333333333 -15.0794666666667 1
20 20.904 0 1
21 -22.6370666666667 -3.01946666666667 1
22 12.2029333333333 -9.0584 1
23 -12.2029333333333 -21.1184 1
24 5.23493333333333 -15.0794666666667 1
25 15.6869333333333 -15.0794666666667 1
26 -12.2029333333333 -9.0584 1
27 15.6869333333333 -3.01946666666667 1
28 -5.23493333333333 -15.0794666666667 1
29 1.75093333333333 -21.1184 1
30 -19.1530666666667 -9.0584 1
31 19.1530666666667 -9.0584 1
32 -10.452 -6.03893333333333 1
33 -5.23493333333333 -21.1184 1
34 3.484 -12.0778666666667 1
35 8.71893333333333 -21.1184 1
36 -3.484 -12.0778666666667 1
37 -15.6869333333333 -15.0794666666667 1
38 12.2029333333333 -3.01946666666667 1
39 13.936 -18.0989333333333 1
40 -10.452 -12.0778666666667 1
41 19.1530666666667 -3.01946666666667 1
42 -13.936 -6.03893333333333 1
43 10.452 -12.0778666666667 1
44 -3.484 -18.0989333333333 1
45 -17.42 -12.0778666666667 1
46 12.2029333333333 -21.1184 1
47 20.904 -6.03893333333333 1
48 -10.452 -18.0989333333333 1
49 8.71893333333333 -15.0794666666667 1
50 -19.1530666666667 -3.01946666666667 1
51 -1.75093333333333 -15.0794666666667 1
52 5.23493333333333 -21.1184 1
53 15.6869333333333 -9.0584 1
54 -13.936 -18.0989333333333 1
55 -15.6869333333333 -9.0584 1
56 17.42 0 1
57 -1.75093333333333 -21.1184 1
58 10.452 -18.0989333333333 1
59 -20.904 -6.03893333333333 1
60 -8.71893333333333 -15.0794666666667 1
61 8.71893333333333 -9.0584 1
62 24.388 0 1
63 3.484 -18.0989333333333 1
64 17.42 -12.0778666666667 1
65 -8.71893333333333 -21.1184 1
66 13.936 -6.03893333333333 1
67 -24.388 -6.03893333333333 1
68 6.968 -24.1378666666667 1
69 24.388 -6.03893333333333 1
70 -17.42 -18.0989333333333 1
71 -8.71893333333333 -27.1573333333333 1
72 19.1530666666667 -15.0794666666667 1
73 29.6229333333333 -3.01946666666667 1
74 -24.388 -12.0778666666667 1
75 0 -24.1378666666667 1
76 13.936 -24.1378666666667 1
77 -17.42 -24.1378666666667 1
78 24.388 -12.0778666666667 1
79 5.23493333333333 -27.1573333333333 1
80 -20.904 -12.0778666666667 1
81 27.872 0 1
82 -6.968 -24.1378666666667 1
83 -31.356 -6.03893333333333 1
84 19.1530666666667 -21.1184 1
85 27.872 -6.03893333333333 1
86 -20.904 -18.0989333333333 1
87 -3.484 -30.1768 1
88 12.2029333333333 -27.1573333333333 1
89 22.6370666666667 -15.0794666666667 1
90 -13.936 -24.1378666666667 1
91 -26.1210666666667 -9.0584 1
92 34.84 0 1
93 -24.388 -18.0989333333333 1
94 19.1530666666667 -27.1573333333333 1
95 -3.484 -24.1378666666667 1
96 -29.6229333333333 -3.01946666666667 1
97 -17.42 -30.1768 1
98 22.6370666666667 -9.0584 1
99 1.75093333333333 -27.1573333333333 1
100 24.388 -18.0989333333333 1
101 -27.872 -12.0778666666667 1
102 15.6869333333333 -21.1184 1
103 -19.1530666666667 -21.1184 1
104 13.936 -30.1768 1
105 -12.2029333333333 -27.1573333333333 1
106 -26.1210666666667 -3.01946666666667 1
107 31.356 0 1
108 6.968 -30.1768 1
109 29.6229333333333 -9.0584 1
110 -22.6370666666667 -15.0794666666667 1
111 -20.904 -24.1378666666667 1
112 17.42 -18.0989333333333 1
113 3.484 -24.1378666666667 1
114 -10.452 -30.1768 1
115 26.1210666666667 -3.01946666666667 1
116 -33.0890666666667 -3.01946666666667 1
117 -1.75093333333333 -27.1573333333333 1
118 17.42 -24.1378666666667 1
119 -22.6370666666667 -9.0584 1
120 26.1210666666667 -15.0794666666667 1
121 8.71893333333333 -27.1573333333333 1
122 -19.1530666666667 -15.0794666666667 1
123 -15.6869333333333 -27.1573333333333 1
124 20.904 -12.0778666666667 1
125 31.356 -6.03893333333333 1
126 20.904 -18.0989333333333 1
127 -27.872 -6.03893333333333 1
128 15.6869333333333 -27.1573333333333 1
129 -22.6370666666667 -21.1184 1
130 -5.23493333333333 -27.1573333333333 1
131 26.1210666666667 -9.0584 1
132 20.904 -24.1378666666667 1
133 3.484 -30.1768 1
134 -29.6229333333333 -9.0584 1
135 33.0890666666667 -3.01946666666667 1
136 10.452 -24.1378666666667 1
137 -19.1530666666667 -27.1573333333333 1
138 27.872 -12.0778666666667 1
139 -6.968 -30.1768 1
140 22.6370666666667 -21.1184 1
141 17.42 -30.1768 1
142 -10.452 -24.1378666666667 1
143 -26.1210666666667 -15.0794666666667 1
144 0 -30.1768 1
145 -15.6869333333333 -21.1184 1
146 -13.936 -30.1768 1
147 10.452 -30.1768 1
148 -10.452 0 1
149 -1.75093333333333 -9.0584 1
150 8.71893333333333 -3.01946666666667 1
151 -5.23493333333333 9.0584 1
152 3.484 6.03893333333333 1
153 -5.23493333333333 -3.01946666666667 1
154 3.484 -6.03893333333333 1
155 8.71893333333333 3.01946666666667 1
156 -5.23493333333333 -9.0584 1
157 -8.71893333333333 3.01946666666667 1
158 5.23493333333333 -9.0584 1
159 1.75093333333333 9.0584 1
160 -3.484 -6.03893333333333 1
161 10.452 0 1
162 6.968 6.03893333333333 1
163 -3.484 0 1
164 0 0 1
165 3.484 0 1
166 -1.75093333333333 3.01946666666667 1
167 -1.75093333333333 -3.01946666666667 1
168 1.75093333333333 3.01946666666667 1
169 1.75093333333333 -3.01946666666667 1
170 -6.968 6.03893333333333 1
171 -6.968 -6.03893333333333 1
172 5.23493333333333 9.0584 1
173 5.23493333333333 -3.01946666666667 1
174 -6.968 0 1
175 1.75093333333333 -9.0584 1
176 0 6.03893333333333 1
177 5.23493333333333 3.01946666666667 1
178 -5.23493333333333 3.01946666666667 1
179 0 -6.03893333333333 1
180 -1.75093333333333 9.0584 1
181 6.968 -6.03893333333333 1
182 -8.71893333333333 -3.01946666666667 1
183 6.968 0 1
184 -3.484 6.03893333333333 1
185 -34.84 0 1
186 10.452 30.1768 1
187 -20.904 24.1378666666667 1
188 22.6370666666667 15.0794666666667 1
189 -24.388 12.0778666666667 1
190 -3.484 30.1768 1
191 20.904 24.1378666666667 1
192 -29.6229333333333 3.01946666666667 1
193 31.356 6.03893333333333 1
194 -13.936 30.1768 1
195 5.23493333333333 27.1573333333333 1
196 -20.904 18.0989333333333 1
197 15.6869333333333 27.1573333333333 1
198 -29.6229333333333 9.0584 1
199 26.1210666666667 15.0794666666667 1
200 -19.1530666666667 27.1573333333333 1
201 -5.23493333333333 27.1573333333333 1
202 33.0890666666667 3.01946666666667 1
203 -26.1210666666667 15.0794666666667 1
204 26.1210666666667 9.0584 1
205 -33.0890666666667 3.01946666666667 1
206 3.484 30.1768 1
207 19.1530666666667 21.1184 1
208 17.42 30.1768 1
209 -10.452 30.1768 1
210 -19.1530666666667 21.1184 1
211 29.6229333333333 3.01946666666667 1
212 24.388 18.0989333333333 1
213 -27.872 12.0778666666667 1
214 27.872 12.0778666666667 1
215 17.42 24.1378666666667 1
216 -31.356 0 1
217 0 30.1768 1
218 -13.936 24.1378666666667 1
219 -24.388 6.03893333333333 1
220 10.452 24.1378666666667 1
221 -22.6370666666667 21.1184 1
222 20.904 12.0778666666667 1
223 -3.484 24.1378666666667 1
224 22.6370666666667 21.1184 1
225 -27.872 0 1
226 13.936 30.1768 1
227 26.1210666666667 3.01946666666667 1
228 -19.1530666666667 15.0794666666667 1
229 -12.2029333333333 27.1573333333333 1
230 -31.356 6.03893333333333 1
231 17.42 18.0989333333333 1
232 6.968 30.1768 1
233 29.6229333333333 9.0584 1
234 3.484 24.1378666666667 1
235 -24.388 18.0989333333333 1
236 -17.42 30.1768 1
237 19.1530666666667 27.1573333333333 1
238 -6.968 30.1768 1
239 24.388 6.03893333333333 1
240 -26.1210666666667 9.0584 1
241 12.2029333333333 27.1573333333333 1
242 -17.42 24.1378666666667 1
243 24.388 12.0778666666667 1
244 -6.968 24.1378666666667 1
245 -26.1210666666667 3.01946666666667 1
246 1.75093333333333 27.1573333333333 1
247 -20.904 12.0778666666667 1
248 15.6869333333333 21.1184 1
249 27.872 6.03893333333333 1
250 -15.6869333333333 21.1184 1
251 6.968 24.1378666666667 1
252 19.1530666666667 15.0794666666667 1
253 -27.872 6.03893333333333 1
254 -8.71893333333333 27.1573333333333 1
255 13.936 24.1378666666667 1
256 -22.6370666666667 15.0794666666667 1
257 0 24.1378666666667 1
258 22.6370666666667 9.0584 1
259 -15.6869333333333 27.1573333333333 1
260 -22.6370666666667 9.0584 1
261 20.904 18.0989333333333 1
262 8.71893333333333 27.1573333333333 1
263 -10.452 24.1378666666667 1
264 -17.42 18.0989333333333 1
265 -1.75093333333333 27.1573333333333 1
266 -24.388 0 1
267 19.1530666666667 9.0584 1
268 8.71893333333333 21.1184 1
269 -5.23493333333333 21.1184 1
270 -17.42 12.0778666666667 1
271 15.6869333333333 15.0794666666667 1
272 -19.1530666666667 3.01946666666667 1
273 22.6370666666667 3.01946666666667 1
274 3.484 18.0989333333333 1
275 -13.936 18.0989333333333 1
276 12.2029333333333 21.1184 1
277 -6.968 18.0989333333333 1
278 15.6869333333333 9.0584 1
279 -19.1530666666667 9.0584 1
280 1.75093333333333 21.1184 1
281 8.71893333333333 15.0794666666667 1
282 -20.904 0 1
283 19.1530666666667 3.01946666666667 1
284 -12.2029333333333 21.1184 1
285 17.42 12.0778666666667 1
286 -10.452 12.0778666666667 1
287 -1.75093333333333 15.0794666666667 1
288 -15.6869333333333 3.01946666666667 1
289 13.936 18.0989333333333 1
290 13.936 6.03893333333333 1
291 -15.6869333333333 15.0794666666667 1
292 5.23493333333333 21.1184 1
293 -22.6370666666667 3.01946666666667 1
294 -8.71893333333333 21.1184 1
295 13.936 12.0778666666667 1
296 -15.6869333333333 9.0584 1
297 3.484 12.0778666666667 1
298 -1.75093333333333 21.1184 1
299 20.904 6.03893333333333 1
300 10.452 18.0989333333333 1
301 -17.42 0 1
302 -8.71893333333333 15.0794666666667 1
303 -20.904 6.03893333333333 1
304 12.2029333333333 9.0584 1
305 -10.452 6.03893333333333 1
306 0 18.0989333333333 1
307 12.2029333333333 15.0794666666667 1
308 -12.2029333333333 15.0794666666667 1
309 6.968 18.0989333333333 1
310 -3.484 12.0778666666667 1
311 -17.42 6.03893333333333 1
312 10.452 6.03893333333333 1
313 -13.936 12.0778666666667 1
314 6.968 12.0778666666667 1
315 -10.452 18.0989333333333 1
316 -3.484 18.0989333333333 1
317 -13.936 6.03893333333333 1
318 1.75093333333333 15.0794666666667 1
319 17.42 6.03893333333333 1
320 -6.968 12.0778666666667 1
321 8.71893333333333 9.0584 1
322 -8.71893333333333 9.0584 1
323 5.23493333333333 15.0794666666667 1
324 15.6869333333333 3.01946666666667 1
325 -13.936 0 1
326 -5.23493333333333 15.0794666666667 1
327 0 12.0778666666667 1
328 10.452 12.0778666666667 1
329 -12.2029333333333 9.0584 1
330 -12.2029333333333 3.01946666666667 1
331 12.2029333333333 3.01946666666667 1
