0 3620 112.942148018543
1 3623.2 112.942148018543
2 3626.4 112.942148018543
3 3629.6 112.942148018543
4 3632.8 112.942148018543
5 3636 112.942148018543
6 3639.2 112.942148018543
7 3642.4 118.63931853217
8 3645.6 106.312135586643
9 3648.8 100.950209518906
10 3652 96.9743947998508
11 3655.2 91.8137186011662
12 3658.4 89.1063781362916
13 3661.6 87.1571321144594
14 3664.8 82.5033514413063
15 3668 79.6793852182124
16 3671.2 76.9696487327677
17 3674.4 76.3315487878795
18 3677.6 72.5840528454857
19 3680.8 70.6281639705086
20 3684 67.0623219041901
21 3687.2 65.0263890625392
22 3690.4 61.184304019379
23 3693.6 58.6010212083497
24 3696.8 57.4446428293822
25 3700 56.0627842612262
26 3703.2 53.6266390825619
27 3706.4 51.245655893814
28 3709.6 49.1337024155656
29 3712.8 48.0467516299593
30 3716 46.2266680861525
31 3719.2 43.7511901253913
32 3722.4 42.2128735595571
33 3725.6 42.846992280428
34 3728.8 41.4943288074769
35 3732 39.665543494983
36 3735.2 35.7603743122639
37 3738.4 32.3648511212976
38 3741.6 34.5987908637459
39 3744.8 35.007388129248
40 3748 33.9367285779391
41 3751.2 33.1342130612952
42 3754.4 31.8951845971056
43 3757.6 31.1812966128824
44 3760.8 30.6045942615522
45 3764 29.8057274112288
46 3767.2 28.4923161160575
47 3770.4 27.537762931694
48 3773.6 28.1486980530079
49 3776.8 27.1071852339194
50 3780 26.1757672107001
51 3783.2 25.5673137646075
52 3786.4 24.8536440012109
53 3789.6 24.2217437595653
54 3792.8 23.6676300128342
55 3796 22.9033205467862
56 3799.2 22.3891607851441
57 3802.4 22.0995201185866
58 3805.6 21.831051831499
59 3808.8 21.6978240409273
60 3812 20.9121390136121
61 3815.2 20.6018120450664
62 3818.4 20.068401415088
63 3821.6 19.7789892328632
64 3824.8 19.4013652190049
65 3828 19.0035928619382
66 3831.2 18.6046830085912
67 3834.4 18.3022660778716
68 3837.6 17.8018098537734
69 3840.8 17.507347045927
70 3844 17.237241466356
71 3847.2 17.0829069845084
72 3850.4 16.9348528700659
73 3853.6 16.5224502705822
74 3856.8 16.1142139548435
75 3860 15.7553596366535
76 3863.2 15.5001838491912
77 3866.4 15.2707239853422
78 3869.6 15.1658116533749
79 3872.8 15.0347796700374
80 3876 14.7137028914811
81 3879.2 14.5063109529974
82 3882.4 14.4396668057005
83 3885.6 14.0308989435214
84 3888.8 13.7434820103714
85 3892 13.6735421579976
86 3895.2 13.5262282749846
87 3898.4 13.3695302037831
88 3901.6 13.1553392417508
89 3904.8 12.8376676090823
90 3908 12.4972597983829
91 3911.2 12.4481448027488
92 3914.4 12.3871308195032
93 3917.6 12.3860693668492
94 3920.8 12.2714251635037
95 3924 11.898208188057
96 3927.2 11.5427872018302
97 3930.4 11.8372988693646
98 3933.6 11.7883013683228
99 3936.8 11.5796227045715
100 3940 11.5341665272297
101 3943.2 11.4108014148565
102 3946.4 11.1753042843167
103 3949.6 10.9457820543294
104 3952.8 10.9791776555953
105 3956 10.8623488977778
106 3959.2 10.7889360703781
107 3962.4 10.6983267027555
108 3965.6 10.8334786859395
109 3968.8 10.8095894925485
110 3972 10.5367022171661
111 3975.2 10.1544509545151
112 3978.4 9.73558485280168
113 3981.6 9.85885248042605
114 3984.8 10.0606382977418
115 3988 10.0559549001875
116 3991.2 10.0472973596226
117 3994.4 10.0296731854586
118 3997.6 9.96257832310696
119 4000.8 9.84654116390031
120 4004 9.7361004893362
121 4007.2 9.7870251894549
122 4010.4 9.67825005146114
123 4013.6 9.66422767551059
124 4016.8 9.61427803552806
125 4020 9.54015424549887
126 4023.2 9.5287791298449
127 4026.4 9.53145294773199
128 4029.6 9.45963049217755
129 4032.8 9.38521212906717
130 4036 9.33951482115435
131 4039.2 9.22220703751288
132 4042.4 9.2499632420837
133 4045.6 9.39199492416424
134 4048.8 9.32217315332126
135 4052 9.13685110695048
136 4055.2 9.1122296494772
137 4058.4 9.13851076419837
138 4061.6 9.1038786656355
139 4064.8 9.08209719238483
140 4068 9.01389340076565
141 4071.2 8.96168221035802
142 4074.4 8.95327929903982
143 4077.6 8.92012615371865
144 4080.8 8.89189660589305
145 4084 8.85910417072903
146 4087.2 8.82209704931737
147 4090.4 8.76847379134946
148 4093.6 8.89902541403558
149 4096.8 8.80490783776224
150 4100 8.74156837459297
151 4103.2 8.68349463946319
152 4106.4 8.54623415213215
153 4109.6 8.47849818021704
154 4112.8 8.41934621851101
155 4116 8.47265876811934
156 4119.2 8.40606366087934
157 4122.4 8.40598946648974
158 4125.6 8.36072319248538
159 4128.8 8.20321389552604
160 4132 8.19025047020897
161 4135.2 8.19980068079805
162 4138.4 8.09574918063043
163 4141.6 8.11456376544121
164 4144.8 8.0426576230087
165 4148 8.03661220905881
166 4151.2 7.98453526274587
167 4154.4 7.98735415675002
168 4157.6 8.00510840289425
169 4160.8 7.9960201307111
170 4164 7.92650997785126
171 4167.2 7.92679694241153
172 4170.4 7.90375195812212
173 4173.6 7.90774143162076
174 4176.8 7.9205080640782
175 4180 7.87162271381593
176 4183.2 7.82919783238286
177 4186.4 7.82229416134618
178 4189.6 7.87793423054615
179 4192.8 7.80718782096305
180 4196 7.76763597080234
181 4199.2 7.69681378123017
182 4202.4 7.67706681864578
183 4205.6 7.75536299276421
184 4208.8 7.78564518102546
185 4212 7.75154103826682
186 4215.2 7.7375514901276
187 4218.4 7.64534743597702
188 4221.6 7.71581337241256
189 4224.8 7.65112755206909
190 4228 7.64453207371317
191 4231.2 7.70201448144855
192 4234.4 7.66806133649266
193 4237.6 7.56894351246837
194 4240.8 7.55270380529596
195 4244 7.51193215318534
196 4247.2 7.4809671680978
197 4250.4 7.50641995660986
198 4253.6 7.45563368141742
199 4256.8 7.39744338781391
200 4260 7.37284308874821
201 4263.2 7.38980040933751
202 4266.4 7.36895981476466
203 4269.6 7.29787146557153
204 4272.8 7.17015100911631
205 4276 7.19924385224399
206 4279.2 7.26697354893055
207 4282.4 7.22051478889579
208 4285.6 7.1837785410494
209 4288.8 7.1079221256245
210 4292 6.94930335485538
211 4295.2 6.97559235385539
212 4298.4 7.02218973369728
213 4301.6 6.9824434085601
214 4304.8 6.99803432344867
215 4308 6.99812076305028
216 4311.2 6.97132886160734
217 4314.4 7.0302492080717
218 4317.6 7.05110579265686
219 4320.8 6.9970914785909
220 4324 6.98606884263989
221 4327.2 6.88094090250618
222 4330.4 6.97291974701027
223 4333.6 7.02731891016165
224 4336.8 6.95171427105446
225 4340 6.93721843102097
226 4343.2 6.87117462546735
227 4346.4 6.93688163988569
228 4349.6 6.87926933514225
229 4352.8 6.78359523217223
230 4356 6.72161094817461
231 4359.2 6.69547507500245
232 4362.4 6.64662831915373
233 4365.6 6.70462054069964
234 4368.8 6.71039982964773
235 4372 6.67504329944938
236 4375.2 6.58540439120883
237 4378.4 6.62233596863053
238 4381.6 6.64499101535559
239 4384.8 6.60447496326197
240 4388 6.58108402669862
241 4391.2 6.56293695493598
242 4394.4 6.52262066140793
243 4397.6 6.35902555773727
244 4400.8 6.30296432826882
245 4404 6.33889313090533
246 4407.2 6.30143314849744
247 4410.4 6.31696065585396
248 4413.6 6.34837258493031
249 4416.8 6.25051517601028
250 4420 6.21898296132051
251 4423.2 6.18270634281916
252 4426.4 6.15682114005457
253 4429.6 6.0526435697803
254 4432.8 6.05879820105365
255 4436 6.0931945133319
256 4439.2 6.05999100858746
257 4442.4 5.9924756908284
258 4445.6 6.00163181950516
259 4448.8 5.98669521855834
260 4452 5.94862270370053
261 4455.2 5.92964491527568
262 4458.4 5.90647268067827
263 4461.6 5.88779614620594
264 4464.8 5.86191057212879
265 4468 5.83742807469045
266 4471.2 5.71933371397703
267 4474.4 5.77086772651608
268 4477.6 5.65414611210186
269 4480.8 5.62863090353912
270 4484 5.66149610217567
271 4487.2 5.58751191738259
272 4490.4 5.55325586886123
273 4493.6 5.5337126000169
274 4496.8 5.47728887717991
275 4500 5.47060138049754
276 4503.2 5.47368778989799
277 4506.4 5.45132909599977
278 4509.6 5.37580618596616
279 4512.8 5.37925532100687
280 4516 5.40290516734089
281 4519.2 5.42431199784191
282 4522.4 5.41331391040267
283 4525.6 5.38659847173272
284 4528.8 5.38821054116213
285 4532 6.89766272164339
286 4535.2 6.13132298787598
287 4538.4 5.38273538145858
288 4541.6 5.24004223563498
289 4544.8 5.26693965244506
290 4548 5.20663681101925
291 4551.2 5.22440856637889
292 4554.4 5.20934862739059
293 4557.6 5.16344262171227
294 4560.8 5.1064112504296
295 4564 5.06704382098694
296 4567.2 5.0703582898022
297 4570.4 5.07969028372396
298 4573.6 5.0834428069605
299 4576.8 5.07552195617796
300 4580 5.08131879704772
301 4583.2 5.11436624487555
302 4586.4 5.04963351541446
303 4589.6 5.02407227314996
304 4592.8 4.96839404436855
305 4596 4.95262022889953
306 4599.2 4.90572586068476
307 4602.4 4.95812656307671
308 4605.6 4.95453446589695
309 4608.8 4.90333351401837
310 4612 4.88386334470272
311 4615.2 4.86068298446808
312 4618.4 4.8725439889951
313 4621.6 4.89638406812131
314 4624.8 4.86411785696904
315 4628 4.84853834844937
316 4631.2 4.84223447313993
317 4634.4 4.8511165392258
318 4637.6 4.82011869766152
319 4640.8 4.80191015377098
320 4644 4.75678532314053
321 4647.2 4.69818377468565
322 4650.4 4.63179482239248
323 4653.6 4.64863983065682
324 4656.8 4.6212284603911
325 4660 4.65802599546004
326 4663.2 4.66533163556342
327 4666.4 4.59951987712633
328 4669.6 4.65248582584323
329 4672.8 4.652771258433
330 4676 4.64256681565637
331 4679.2 4.65655192022549
332 4682.4 4.61186542894791
333 4685.6 4.57543459518684
334 4688.8 4.58967881013637
335 4692 4.58422987792759
336 4695.2 4.53591166332937
337 4698.4 4.60732786904455
338 4701.6 4.48496215783541
339 4704.8 4.45984053117301
340 4708 4.4627505903901
341 4711.2 4.45404245619081
342 4714.4 4.45287216140283
343 4717.6 4.41477825671315
344 4720.8 4.42995506388771
345 4724 4.41716467194365
346 4727.2 4.39366838385597
347 4730.4 4.3932914863666
348 4733.6 4.37897426629632
349 4736.8 4.35790473415113
350 4740 4.37797400554748
351 4743.2 4.40315532545451
352 4746.4 4.3886961076309
353 4749.6 4.37192298225685
354 4752.8 4.39230200236539
355 4756 4.37779577731616
356 4759.2 4.38248736666571
357 4762.4 4.35319414870893
358 4765.6 4.36634385038627
359 4768.8 4.32311507437214
360 4772 4.33947121912162
361 4775.2 4.38134695092007
362 4778.4 4.35780624918763
363 4781.6 4.30671162518067
364 4784.8 4.36305456537724
365 4788 4.33630280043079
366 4791.2 4.32950485478075
367 4794.4 4.32636786892343
368 4797.6 4.32358969002033
369 4800.8 4.29085963078311
370 4804 4.31333285946392
371 4807.2 4.28325413525577
372 4810.4 4.22761148288969
373 4813.6 4.22775257398308
374 4816.8 4.22534608507155
375 4820 4.20306961368222
376 4823.2 4.20645419859497
377 4826.4 4.23628209301447
378 4829.6 4.25614536103634
379 4832.8 4.23436164192981
380 4836 4.22387102610992
381 4839.2 4.10378314274793
382 4842.4 4.25558634798155
383 4845.6 4.2810500742652
384 4848.8 4.22215997891738
385 4852 4.31801010713017
386 4855.2 4.37759550424581
387 4858.4 4.43268894410966
388 4861.6 4.43690536166234
389 4864.8 4.41033537498056
390 4868 4.29313598410661
391 4871.2 4.20456237705597
392 4874.4 4.15752626670003
393 4877.6 4.13440420517732
394 4880.8 4.14951541007259
395 4884 4.12301773981679
396 4887.2 4.05938164946457
397 4890.4 4.07187119588869
398 4893.6 4.08513520125235
399 4896.8 4.07648889518533
400 4900 4.0686307972559
401 4903.2 4.04574436876766
402 4906.4 4.05350115089353
403 4909.6 4.05732610333383
404 4912.8 4.04755011903941
405 4916 4.02905170283988
406 4919.2 4.03134295198836
407 4922.4 4.04247820870632
408 4925.6 4.00978163915492
409 4928.8 3.98557998251373
410 4932 3.9740415116077
411 4935.2 3.96420265751506
412 4938.4 3.99980546733939
413 4941.6 4.0088565659887
414 4944.8 3.97260948357319
415 4948 3.98319231394964
416 4951.2 3.98838283602539
417 4954.4 3.94547666205322
418 4957.6 3.94491804503756
419 4960.8 3.92889771041614
420 4964 3.92004801308385
421 4967.2 3.90466158099746
422 4970.4 3.87004428080395
423 4973.6 3.94666269533054
424 4976.8 3.96607203003362
425 4980 3.90339567225128
426 4983.2 3.84943691579111
427 4986.4 3.83462565704458
428 4989.6 3.84719494044263
429 4992.8 3.85338992839882
430 4996 3.83637835463983
431 4999.2 3.86931331565378
432 5002.4 3.88394016598285
433 5005.6 3.86833211165904
434 5008.8 3.88893743301768
435 5012 3.88457066273427
436 5015.2 3.8669615841192
437 5018.4 3.86732246759158
438 5021.6 3.86708556559476
439 5024.8 3.86330574555808
440 5028 3.82558741895409
441 5031.2 3.82276522974117
442 5034.4 3.84136329400767
443 5037.6 3.80856731067133
444 5040.8 3.8258882413305
445 5044 3.84106035423385
446 5047.2 3.7821338895268
447 5050.4 3.79591311085782
448 5053.6 3.77329576024089
449 5056.8 3.76855365275988
450 5060 3.79300956212039
451 5063.2 3.72419597135777
452 5066.4 3.41623833523988
453 5069.6 3.31995447554197
454 5072.8 3.61327855636768
455 5076 3.73720171791686
456 5079.2 3.75845651257087
457 5082.4 3.7661911368292
458 5085.6 3.74267791702151
459 5088.8 3.71410130655012
460 5092 3.70068546434503
461 5095.2 3.69057405111573
462 5098.4 3.68051411558638
463 5101.6 3.67300032723776
464 5104.8 3.68402616518995
465 5108 3.70048334059427
466 5111.2 3.6726917511159
467 5114.4 3.69455446136264
468 5117.6 3.71917661120778
469 5120.8 3.66426165827072
470 5124 3.62823082631709
471 5127.2 3.65845250654626
472 5130.4 3.69477148896716
473 5133.6 3.66885413873783
474 5136.8 3.70655018786738
475 5140 3.69625107351263
476 5143.2 3.65868094752456
477 5146.4 3.67228521763387
478 5149.6 3.64913978286451
479 5152.8 3.65544424567412
480 5156 3.63117187590127
481 5159.2 3.6620380112019
482 5162.4 3.66617967319082
483 5165.6 3.66665010044338
484 5168.8 3.63271541059391
485 5172 3.6541074026033
486 5175.2 3.6550777719295
487 5178.4 3.63901926246022
488 5181.6 3.66597686445569
489 5184.8 3.70241301943851
490 5188 3.67991750181318
491 5191.2 3.64252869268387
492 5194.4 3.6177233070745
493 5197.6 3.67322705855347
494 5200.8 3.65931057304797
495 5204 3.63708039178689
496 5207.2 3.68912657114795
497 5210.4 3.62321723470736
498 5213.6 3.60586819769807
499 5216.8 3.65900949646306
500 5220 3.65963871808582
501 5223.2 3.61467893502224
502 5226.4 3.58161414837311
503 5229.6 3.59574395573635
504 5232.8 3.59613172795659
505 5236 3.60109525103655
506 5239.2 3.59461000175493
507 5242.4 3.58972738131766
508 5245.6 3.54481344881182
509 5248.8 3.58356783398064
510 5252 3.57066019773879
511 5255.2 3.57728242580678
512 5258.4 3.56583708346309
513 5261.6 3.54396134339165
514 5264.8 3.56807130211283
515 5268 3.56770878398333
516 5271.2 3.58072778033445
517 5274.4 3.58358351369122
518 5277.6 3.57755716283356
519 5280.8 3.54893105473787
520 5284 3.55949954674566
521 5287.2 3.58843940925641
522 5290.4 3.57468460303589
523 5293.6 3.52582127499042
524 5296.8 3.52930655912132
525 5300 3.51486568009942
526 5303.2 3.48009643493631
527 5306.4 3.49494954207112
528 5309.6 3.53417572513483
529 5312.8 3.52762472607972
530 5316 3.50631518755363
531 5319.2 3.4979954465003
532 5322.4 3.51659545046532
533 5325.6 3.49760007734613
534 5328.8 3.52769257900157
535 5332 3.54472603228696
536 5335.2 3.5194783775365
537 5338.4 3.40108669030923
538 5341.6 3.22761231788917
539 5344.8 3.2582208359728
540 5348 3.40875399176665
541 5351.2 3.4614097178321
542 5354.4 3.47168740920864
543 5357.6 3.50452476375284
544 5360.8 3.505568404393
545 5364 3.49417356291148
546 5367.2 3.49045307887593
547 5370.4 3.47110985234676
548 5373.6 3.4648243914866
549 5376.8 3.47282234113623
550 5380 3.46028417145073
551 5383.2 3.42556349469385
552 5386.4 3.44006997616589
553 5389.6 3.48531762864725
554 5392.8 3.49139123562059
555 5396 3.4757177187076
556 5399.2 3.4101639482901
557 5402.4 3.36635793913398
558 5405.6 3.45239283764718
559 5408.8 3.45090979523261
560 5412 3.45115092194745
561 5415.2 3.41476976507884
562 5418.4 3.47147474486738
563 5421.6 3.42939601125287
564 5424.8 3.45577497628502
565 5428 3.46973250714121
566 5431.2 3.44351447214258
567 5434.4 3.41710949711384
568 5437.6 3.44126091790207
569 5440.8 3.45272729627241
570 5444 3.44458567932759
571 5447.2 3.44061212889321
572 5450.4 3.43894384368606
573 5453.6 3.42976806532514
574 5456.8 3.42843021203534
575 5460 3.4420058361045
576 5463.2 3.36497639025077
577 5466.4 3.3538536446563
578 5469.6 3.37724944636772
579 5472.8 3.33078876422729
580 5476 3.29168439579111
581 5479.2 3.30134983985699
582 5482.4 3.32112685736232
583 5485.6 3.3554881262349
584 5488.8 3.39273399807705
585 5492 3.41245333884087
586 5495.2 3.35076315324548
587 5498.4 3.34811020521801
588 5501.6 3.33874286389871
589 5504.8 3.36722855161616
590 5508 3.3013877138958
591 5511.2 3.32209463315439
592 5514.4 3.33109560756584
593 5517.6 3.32480456632524
594 5520.8 3.34799425578749
595 5524 3.32332959958046
596 5527.2 3.37005023550952
597 5530.4 3.32069737489406
598 5533.6 3.2952585259086
599 5536.8 3.30300905181833
600 5540 3.29078775186011
601 5543.2 3.29336795319863
602 5546.4 3.27955551201498
603 5549.6 3.25006840544377
604 5552.8 3.2180912571278
605 5556 3.244177575214
606 5559.2 3.24146810936886
607 5562.4 3.24053875008588
608 5565.6 3.27067043608864
609 5568.8 3.3252015931937
610 5572 3.38779755049374
611 5575.2 3.41652821689243
612 5578.4 3.43911336844858
613 5581.6 3.25851768321394
614 5584.8 3.44822732105487
615 5588 3.30628928501201
616 5591.2 3.29353584073411
617 5594.4 3.28659433623114
618 5597.6 3.29141348857013
619 5600.8 3.300453677094
620 5604 3.26429690967543
621 5607.2 3.22091181909741
622 5610.4 3.25018016926309
623 5613.6 3.24845233539264
624 5616.8 3.29957520957354
625 5620 3.26362243672912
626 5623.2 3.28535552260139
627 5626.4 3.23449750482912
628 5629.6 3.25574152364106
629 5632.8 3.26235416369132
630 5636 3.22258278855734
631 5639.2 3.20922215817533
632 5642.4 3.25482443374649
633 5645.6 3.24798491041005
634 5648.8 3.27411895133146
635 5652 3.25032127823992
636 5655.2 3.20458166071956
637 5658.4 3.21963782405034
638 5661.6 3.22743360067096
639 5664.8 3.2299857095046
640 5668 3.19785663703998
641 5671.2 3.19549662818718
642 5674.4 3.28428819078999
643 5677.6 3.26902547912827
644 5680.8 3.20329258039704
645 5684 3.22390501659257
646 5687.2 3.26122101349347
647 5690.4 3.27822562866177
648 5693.6 3.21141409413219
649 5696.8 3.2107034991054
650 5700 3.20944542110742
651 5703.2 3.21855470028477
652 5706.4 3.20184309582137
653 5709.6 3.25343157671573
654 5712.8 3.23229745830457
655 5716 3.23192475582897
656 5719.2 3.25605002081128
657 5722.4 3.247983982327
658 5725.6 3.2193859836251
659 5728.8 3.21580818714829
660 5732 3.18616157376145
661 5735.2 3.22105536071268
662 5738.4 3.14165410520193
663 5741.6 3.16776978374129
664 5744.8 3.21431177886698
665 5748 3.18217104090846
666 5751.2 3.17027756758411
667 5754.4 3.16514769127608
668 5757.6 3.17102863457053
669 5760.8 3.18618761235233
670 5764 3.232741555919
671 5767.2 3.18809189320613
672 5770.4 3.1527983545258
673 5773.6 3.21327144659036
674 5776.8 3.18797573527892
675 5780 3.18702359879707
676 5783.2 3.18380499828755
677 5786.4 3.23046509389985
678 5789.6 3.11134681292678
679 5792.8 3.09755443981598
680 5796 3.14288457344593
681 5799.2 3.11369624873823
682 5802.4 3.10512459359237
683 5805.6 3.18120367628875
684 5808.8 3.16893703864121
685 5812 3.16622572340235
686 5815.2 3.15853182397654
687 5818.4 3.10282870853429
688 5821.6 3.00814445863074
689 5824.8 3.13173143664501
690 5828 3.1792230736824
691 5831.2 3.1280363020587
692 5834.4 3.09891615991672
693 5837.6 3.06614533588393
694 5840.8 3.09540443405481
695 5844 3.10879904089929
696 5847.2 3.13283662931433
697 5850.4 3.16704694947211
698 5853.6 3.12829099826661
699 5856.8 3.15539532160526
700 5860 3.17348195239149
701 5863.2 3.17402284652925
702 5866.4 3.16335195481448
703 5869.6 3.15080290171452
704 5872.8 3.22141137599658
705 5876 3.17691920842593
706 5879.2 3.1644001106775
707 5882.4 3.23291271259168
708 5885.6 3.85591565261149
709 5888.8 3.28857553353417
710 5892 3.3057179293948
711 5895.2 3.18698629353438
712 5898.4 3.15051674074393
713 5901.6 3.12757323799659
714 5904.8 3.12555133668334
715 5908 3.12300789338012
716 5911.2 3.17657063592544
717 5914.4 3.21889383922239
718 5917.6 3.20299767077237
719 5920.8 3.19399962090556
720 5924 3.1619405476808
721 5927.2 3.14683671664317
722 5930.4 3.13112443865585
723 5933.6 3.15155209588554
724 5936.8 3.13982332632267
725 5940 3.19460823967661
726 5943.2 3.20492047931746
727 5946.4 3.18169890078142
728 5949.6 3.1590421740953
729 5952.8 3.14546430910297
730 5956 3.13499710731592
731 5959.2 3.1370478297007
732 5962.4 3.13509431346941
733 5965.6 3.19477636115813
734 5968.8 3.20311060094284
735 5972 3.20258198945333
736 5975.2 3.17911573779036
737 5978.4 3.1640430024758
738 5981.6 3.18636878927377
739 5984.8 3.20819794633697
740 5988 3.23792691207353
741 5991.2 3.09823112392873
742 5994.4 3.06064934696539
743 5997.6 3.14588409599214
744 6000.8 3.20231588454369
745 6004 3.22442313388321
746 6007.2 3.1605951345068
747 6010.4 3.24133782370955
748 6013.6 3.20238167870068
749 6016.8 3.13938912535818
750 6020 3.16250961205642
751 6023.2 3.14156323242797
752 6026.4 3.13841348592943
753 6029.6 3.18742033000409
754 6032.8 3.16535548828677
755 6036 3.19868139728647
756 6039.2 3.21447825547156
757 6042.4 3.1681563045771
758 6045.6 3.12591883762506
759 6048.8 3.1541384941433
760 6052 3.1454703190568
761 6055.2 3.15491964325493
762 6058.4 3.15444860013702
763 6061.6 3.16036575839189
764 6064.8 3.16113723980087
765 6068 3.18714672178218
766 6071.2 3.18184181069521
767 6074.4 3.17048643102646
768 6077.6 3.18062838976791
769 6080.8 3.18647972004075
770 6084 3.14690286362088
771 6087.2 3.12818291362777
772 6090.4 3.12461357497339
773 6093.6 3.13174131993259
774 6096.8 3.15584611707608
775 6100 3.17886552204155
776 6103.2 3.16990587841654
777 6106.4 3.12133171366993
778 6109.6 3.0802743435501
779 6112.8 3.10860682853309
780 6116 3.12779010835788
781 6119.2 3.18533750576537
782 6122.4 3.13698207501372
783 6125.6 3.06310456393724
784 6128.8 3.14111118110075
785 6132 3.15883163555923
786 6135.2 3.09558148405693
787 6138.4 3.08798346260517
788 6141.6 3.08885926784925
789 6144.8 3.18664360245487
790 6148 3.13653372742672
791 6151.2 3.1159395629306
792 6154.4 3.08048442145012
793 6157.6 3.0624010995624
794 6160.8 3.07980861691383
795 6164 3.12110589972812
796 6167.2 3.09830416209319
797 6170.4 3.1465085041717
798 6173.6 3.12157698654241
799 6176.8 3.12353212377312
800 6180 3.08998305852414
801 6183.2 3.07468797542583
802 6186.4 3.09318050345532
803 6189.6 3.02955943432988
804 6192.8 3.08398978693311
805 6196 3.14720467609633
806 6199.2 3.07990690067547
807 6202.4 3.11845456651364
808 6205.6 3.13371312113389
809 6208.8 3.11977727672771
810 6212 3.0802995637686
811 6215.2 3.07419111230587
812 6218.4 3.0986589400019
813 6221.6 3.15287180472618
814 6224.8 3.13912718787457
815 6228 3.12003652200875
816 6231.2 3.18126436293336
817 6234.4 3.16171485111344
818 6237.6 3.09935840905091
819 6240.8 3.0931868070115
820 6244 3.14016636637959
821 6247.2 3.14338775419738
822 6250.4 3.10547562161582
823 6253.6 3.17187067412343
824 6256.8 3.21208037086085
825 6260 3.24134715716561
826 6263.2 3.19687048786611
827 6266.4 3.14371625634163
828 6269.6 3.11405058065832
829 6272.8 3.11290824994968
830 6276 3.2202129353148
831 6279.2 3.24543588172834
832 6282.4 3.21968674192171
833 6285.6 3.16927832622583
834 6288.8 3.28645765900503
835 6292 3.44675365855304
836 6295.2 3.81148206780079
837 6298.4 3.92266415109547
838 6301.6 3.30585690786994
839 6304.8 3.34290741356076
840 6308 3.25759327226027
841 6311.2 3.15797070993902
842 6314.4 3.13744511536353
843 6317.6 3.10739362006407
844 6320.8 3.14912905135166
845 6324 3.20442008914388
846 6327.2 3.1771467370629
847 6330.4 3.14102537759975
848 6333.6 3.18058384260357
849 6336.8 3.17727426160409
850 6340 3.12579503016134
851 6343.2 3.18550125257527
852 6346.4 3.19581724194793
853 6349.6 3.10609305313295
854 6352.8 3.1340738805671
855 6356 3.16210258232746
856 6359.2 3.04128379441398
857 6362.4 3.08602728307891
858 6365.6 3.23415026508963
859 6368.8 3.28396497951921
860 6372 3.25759546005762
861 6375.2 3.22738499126625
862 6378.4 3.18736965365725
863 6381.6 3.12493326992955
864 6384.8 3.26246392959796
865 6388 3.23204458679972
866 6391.2 3.22112675024217
867 6394.4 3.20666382697577
868 6397.6 3.24130403522721
869 6400.8 3.18172837691013
870 6404 3.18054615143015
871 6407.2 3.19288342014852
872 6410.4 3.22823144458042
873 6413.6 3.23337047959611
874 6416.8 3.17860943617398
875 6420 3.21858391465848
876 6423.2 2.94668408893496
877 6426.4 2.89203773561794
878 6429.6 3.14069748062838
879 6432.8 3.23035605429647
880 6436 3.22637334231578
881 6439.2 3.26344262101382
882 6442.4 3.21721980265902
883 6445.6 3.20435933944631
884 6448.8 3.25745036789362
885 6452 3.26418642873104
886 6455.2 3.15617196112582
887 6458.4 3.12429575884406
888 6461.6 3.20744149308361
889 6464.8 3.26963140112936
890 6468 3.26803212017975
891 6471.2 3.27799385267163
892 6474.4 3.22783328761921
893 6477.6 3.26873458572409
894 6480.8 3.27475657077214
895 6484 3.3001316164656
896 6487.2 3.20464266249842
897 6490.4 3.244764768774
898 6493.6 3.22261133965704
899 6496.8 3.25785016859803
900 6500 3.27426695540979
901 6503.2 3.25759145018009
902 6506.4 3.19369770850177
903 6509.6 3.25210141075536
904 6512.8 3.29739218529813
905 6516 3.22841429881665
906 6519.2 3.22215512916464
907 6522.4 3.20009559050221
908 6525.6 3.22381620237009
909 6528.8 3.26878685562818
910 6532 3.38891946492385
911 6535.2 3.37304704370525
912 6538.4 3.34604600277959
913 6541.6 3.26490544151092
914 6544.8 3.24191860274154
915 6548 3.28437829029163
916 6551.2 3.28971260949067
917 6554.4 3.2741835731883
918 6557.6 3.40268464356167
919 6560.8 3.41460764297024
920 6564 3.2958274489982
921 6567.2 3.3173943029402
922 6570.4 3.34282346953062
923 6573.6 3.29501648318238
924 6576.8 3.25143192518931
925 6580 3.12545311611548
926 6583.2 3.30235650511078
927 6586.4 3.24301477305377
928 6589.6 3.28717035146823
929 6592.8 3.27216811308377
930 6596 3.29929485152757
931 6599.2 3.25188751874035
932 6602.4 3.24258562478109
933 6605.6 3.24612339075309
934 6608.8 3.20687442805679
935 6612 3.19154658990464
936 6615.2 3.3137109305247
937 6618.4 3.31279865396201
938 6621.6 3.31145696823622
939 6624.8 3.31481064260006
940 6628 3.3079074848833
941 6631.2 3.36380824574936
942 6634.4 3.29828665121025
943 6637.6 3.30496594284692
944 6640.8 3.35332570456617
945 6644 3.41784366492906
946 6647.2 3.45725649964617
947 6650.4 3.36563167828805
948 6653.6 3.40332264579106
949 6656.8 3.29237657570002
950 6660 3.33039529472946
951 6663.2 3.34248230023708
952 6666.4 3.29967023643075
953 6669.6 3.34996624757095
954 6672.8 3.35317091613102
955 6676 3.29842617037647
956 6679.2 3.29083650880666
957 6682.4 3.36630755744423
958 6685.6 3.35423684397701
959 6688.8 3.38988120138838
960 6692 3.3598414727642
961 6695.2 3.32536720965063
962 6698.4 3.393735112578
963 6701.6 3.41206484283687
964 6704.8 3.41900000925257
965 6708 3.39052662510298
966 6711.2 3.33097232389665
967 6714.4 3.40118740343476
968 6717.6 3.34616465847201
969 6720.8 3.22557995722358
970 6724 3.32927319652367
971 6727.2 3.46634351267913
972 6730.4 3.49321922572163
973 6733.6 3.4154798692858
974 6736.8 3.41033414995329
975 6740 3.40475874896958
976 6743.2 3.33325032886236
977 6746.4 3.43902698978831
978 6749.6 3.38734274277821
979 6752.8 3.42849516261094
980 6756 3.47589438156296
981 6759.2 3.44391148023549
982 6762.4 3.3941401943222
983 6765.6 3.49255374806659
984 6768.8 3.403265750739
985 6772 3.42227187425355
986 6775.2 3.40496315233988
987 6778.4 3.40212701263347
988 6781.6 3.35620417846987
989 6784.8 3.44674442733994
990 6788 3.56409529723366
991 6791.2 3.37762709709208
992 6794.4 3.40040173742115
993 6797.6 3.51917909343525
994 6800.8 3.51917909343525
995 6804 3.51917909343525
996 6807.2 3.51917909343525
997 6810.4 3.51917909343525
998 6813.6 3.51917909343525
999 6816.8 3.51917909343525
1000 6820 3.51917909343525
1001 6823.2 3.51917909343525
1002 6826.4 3.51917909343525
1003 6829.6 3.51917909343525
1004 6832.8 3.51917909343525
1005 6836 3.51917909343525
1006 6839.2 3.51917909343525
1007 6842.4 3.51917909343525
1008 6845.6 3.51917909343525
1009 6848.8 3.51917909343525
1010 6852 3.51917909343525
1011 6855.2 3.51917909343525
1012 6858.4 3.51917909343525
1013 6861.6 3.51917909343525
1014 6864.8 3.51917909343525
1015 6868 3.51917909343525
1016 6871.2 3.51917909343525
1017 6874.4 3.51917909343525
1018 6877.6 3.51917909343525
1019 6880.8 3.51917909343525
1020 6884 3.51917909343525
1021 6887.2 3.51917909343525
1022 6890.4 3.51917909343525
1023 6893.6 3.51917909343525
1024 6896.8 3.51917909343525
1025 6900 3.51917909343525
1026 6903.2 3.51917909343525
1027 6906.4 3.51917909343525
1028 6909.6 3.51917909343525
1029 6912.8 3.51917909343525
1030 6916 3.51917909343525
1031 6919.2 3.51917909343525
1032 6922.4 3.51917909343525
1033 6925.6 3.51917909343525
1034 6928.8 3.51917909343525
1035 6932 3.51917909343525
1036 6935.2 3.51917909343525
1037 6938.4 3.51917909343525
1038 6941.6 3.51917909343525
1039 6944.8 3.51917909343525
1040 6948 3.51917909343525
1041 6951.2 3.51917909343525
1042 6954.4 3.51917909343525
1043 6957.6 3.51917909343525
1044 6960.8 3.51917909343525
1045 6964 3.51917909343525
1046 6967.2 3.51917909343525
1047 6970.4 3.51917909343525
1048 6973.6 3.51917909343525
1049 6976.8 3.51917909343525
1050 6980 3.51917909343525
1051 6983.2 3.51917909343525
1052 6986.4 3.51917909343525
1053 6989.6 3.51917909343525
1054 6992.8 3.51917909343525
1055 6996 3.51917909343525
1056 6999.2 3.51917909343525
1057 7002.4 3.51917909343525
1058 7005.6 3.51917909343525
1059 7008.8 3.51917909343525
1060 7012 3.51917909343525
1061 7015.2 3.51917909343525
1062 7018.4 3.51917909343525
1063 7021.6 3.51917909343525
1064 7024.8 3.51917909343525
1065 7028 3.51917909343525
1066 7031.2 3.51917909343525
1067 7034.4 3.51917909343525
1068 7037.6 3.51917909343525
1069 7040.8 3.51917909343525
1070 7044 3.51917909343525
1071 7047.2 3.51917909343525
1072 7050.4 3.51917909343525
1073 7053.6 3.51917909343525
