0 3745 37.9089607290077
1 3747 37.441191262339
2 3749 36.9678340975157
3 3751 36.4894213962669
4 3753 36.0064853203214
5 3755 35.5195580314085
6 3757 35.0291716912569
7 3759 34.5358584615958
8 3761 34.0401505041542
9 3763 33.542579980661
10 3765 33.0436790528454
11 3767 32.5439798824362
12 3769 32.0440146311625
13 3771 31.5443154607533
14 3773 31.0454145329376
15 3775 30.5478440094444
16 3777 30.0521360520028
17 3779 29.5588228223417
18 3781 29.0684364821902
19 3783 28.5815091932772
20 3785 28.0985731173318
21 3787 27.6201604160829
22 3789 27.1468032512596
23 3791 26.6790337845909
24 3793 26.2173841778058
25 3795 25.7623865926333
26 3797 25.3145731908024
27 3799 24.8744761340421
28 3801 24.4426275840815
29 3803 24.0195597026495
30 3805 23.6058046514751
31 3807 23.2018945922874
32 3809 22.8083616868153
33 3811 22.4257380967879
34 3813 22.054538284093
35 3815 21.6948696142702
36 3817 21.3464323565116
37 3819 21.0089090801674
38 3821 20.6819823545884
39 3823 20.3653347491251
40 3825 20.0586488331279
41 3827 19.7616071759476
42 3829 19.4738923469346
43 3831 19.1951869154394
44 3833 18.9251734508127
45 3835 18.663534522405
46 3837 18.4099526995668
47 3839 18.1641105516487
48 3841 17.9256906480013
49 3843 17.694375557975
50 3845 17.4698478509205
51 3847 17.2517900961884
52 3849 17.0398848631291
53 3851 16.8338147210931
54 3853 16.6332622394312
55 3855 16.4379099874938
56 3857 16.2474436421174
57 3859 16.0616203523157
58 3861 15.8802687392794
59 3863 15.7032205316854
60 3865 15.5303074582103
61 3867 15.3613612475308
62 3869 15.1962136283237
63 3871 15.0346963292658
64 3873 14.8766410790337
65 3875 14.7218796063043
66 3877 14.5702436397542
67 3879 14.4215649080602
68 3881 14.275675139899
69 3883 14.1324060639473
70 3885 13.991589408882
71 3887 13.8530569033797
72 3889 13.7166402761172
73 3891 13.5821712557711
74 3893 13.4494815710183
75 3895 13.3184029505355
76 3897 13.1887671229994
77 3899 13.0604058170867
78 3901 12.9331554460237
79 3903 12.806960167673
80 3905 12.6818718845339
81 3907 12.5579471836552
82 3909 12.4352426520856
83 3911 12.3138148768738
84 3913 12.1937204450685
85 3915 12.0750159437185
86 3917 11.9577579598725
87 3919 11.8420030805792
88 3921 11.7278078928873
89 3923 11.6152289838456
90 3925 11.5043229405028
91 3927 11.3951463499076
92 3929 11.2877557991087
93 3931 11.1822078751549
94 3933 11.0785591650949
95 3935 10.9768662559773
96 3937 10.877185734851
97 3939 10.7795741887647
98 3941 10.684088204767
99 3943 10.5907843699067
100 3945 10.4997170273248
101 3947 10.4108889102849
102 3949 10.324251142173
103 3951 10.2397526024676
104 3953 10.1573421706468
105 3955 10.0769687261892
106 3957 9.99858114857302
107 3959 9.9221283172767
108 3961 9.84755911177857
109 3963 9.77482241155699
110 3965 9.70386709609033
111 3967 9.63464204485694
112 3969 9.5670961373352
113 3971 9.50117825300344
114 3973 9.43683727134005
115 3975 9.37402207182337
116 3977 9.31268153393178
117 3979 9.25276453714362
118 3981 9.19421996093727
119 3983 9.13699668479107
120 3985 9.0810435881834
121 3987 9.02630955059262
122 3989 8.97274442871447
123 3991 8.92032055524473
124 3993 8.8690327388792
125 3995 8.81887676553107
126 3997 8.76984842111354
127 3999 8.72194349153979
128 4001 8.67515776272301
129 4003 8.6294870205764
130 4005 8.58492705101314
131 4007 8.54147363994643
132 4009 8.49912257328946
133 4011 8.45786963695542
134 4013 8.4177106168575
135 4015 8.37864129890889
136 4017 8.34065746902277
137 4019 8.30375491311236
138 4021 8.26792941709082
139 4023 8.23317676687136
140 4025 8.19949274836717
141 4027 8.16687314749143
142 4029 8.13531375015734
143 4031 8.10481034227808
144 4033 8.07535752862914
145 4035 8.04692274781857
146 4037 8.01944627228699
147 4039 7.99286719333732
148 4041 7.96712460227248
149 4043 7.94215759039538
150 4045 7.91790524900894
151 4047 7.89430666941606
152 4049 7.87130094291967
153 4051 7.84882716082268
154 4053 7.826824414428
155 4055 7.80523179503854
156 4057 7.78398839395724
157 4059 7.76303330248698
158 4061 7.7423056119307
159 4063 7.72174441359131
160 4065 7.70128879877172
161 4067 7.68087785877484
162 4069 7.6604506849036
163 4071 7.6399463684609
164 4073 7.61930400074966
165 4075 7.5984626730728
166 4077 7.57736345377567
167 4079 7.55599288318007
168 4081 7.53438297358417
169 4083 7.5125677143286
170 4085 7.490581094754
171 4087 7.46845710420102
172 4089 7.44622973201028
173 4091 7.42393296752242
174 4093 7.40160080007808
175 4095 7.37926721901789
176 4097 7.3569662136825
177 4099 7.33473177341252
178 4101 7.31259788754862
179 4103 7.2905985454314
180 4105 7.26876773640153
181 4107 7.24713944979962
182 4109 7.22574767496632
183 4111 7.20462640124226
184 4113 7.18380961796808
185 4115 7.16333131448442
186 4117 7.1432254801319
187 4119 7.12352610425118
188 4121 7.10426652501595
189 4123 7.08546510376058
190 4125 7.06712522498011
191 4127 7.04924962200264
192 4129 7.03184102815628
193 4131 7.01490217676912
194 4133 6.99843580116928
195 4135 6.98244463468485
196 4137 6.96693141064394
197 4139 6.95189886237466
198 4141 6.9373497232051
199 4143 6.92328672646337
200 4145 6.90971260547758
201 4147 6.89663009357582
202 4149 6.88404192408621
203 4151 6.87195083033684
204 4153 6.86035954565582
205 4155 6.84927080337126
206 4157 6.83868733681125
207 4159 6.8286118793039
208 4161 6.81904716417732
209 4163 6.80999592475961
210 4165 6.80145972324245
211 4167 6.79341318568009
212 4169 6.78580400198928
213 4171 6.77857869095039
214 4173 6.77168377134375
215 4175 6.76506576194974
216 4177 6.75867118154869
217 4179 6.75244654892098
218 4181 6.74633838284694
219 4183 6.74029320210694
220 4185 6.73425752548133
221 4187 6.72817787175046
222 4189 6.72200075969469
223 4191 6.71567270809438
224 4193 6.70914023572987
225 4195 6.70234986138152
226 4197 6.69524810382968
227 4199 6.68778148185472
228 4201 6.67989651423698
229 4203 6.67153971975681
230 4205 6.66265761719458
231 4207 6.65319672533064
232 4209 6.64310509723188
233 4211 6.63236607455588
234 4213 6.62099828755085
235 4215 6.60902190075157
236 4217 6.59645707869279
237 4219 6.5833239859093
238 4221 6.56964278693585
239 4223 6.55543364630723
240 4225 6.54071672855819
241 4227 6.52551219822352
242 4229 6.50984021983797
243 4231 6.49372095793632
244 4233 6.47717457705334
245 4235 6.4602212417238
246 4237 6.44288111648246
247 4239 6.42517436586411
248 4241 6.40712115440349
249 4243 6.3887416466354
250 4245 6.37005600709458
251 4247 6.35108440031583
252 4249 6.3318469908339
253 4251 6.31236394318356
254 4253 6.29265547460769
255 4255 6.27274301463571
256 4257 6.25264920508353
257 4259 6.23239674047519
258 4261 6.21200831533473
259 4263 6.19150662418619
260 4265 6.17091436155361
261 4267 6.15025422196102
262 4269 6.12954889993247
263 4271 6.10882108999198
264 4273 6.08809348666361
265 4275 6.06738878447138
266 4277 6.04672967793933
267 4279 6.02613886159151
268 4281 6.00563902995194
269 4283 5.98525287754467
270 4285 5.96500309889374
271 4287 5.94491238852318
272 4289 5.92500344095704
273 4291 5.90529895071934
274 4293 5.88582161233413
275 4295 5.86659412032544
276 4297 5.84763817665041
277 4299 5.82895265422733
278 4301 5.81051359693565
279 4303 5.79229605608793
280 4305 5.7742750829967
281 4307 5.75642572897452
282 4309 5.73872304533393
283 4311 5.72114208338748
284 4313 5.70365789444771
285 4315 5.68624552982719
286 4317 5.66888004083845
287 4319 5.65153647879404
288 4321 5.6341898950065
289 4323 5.6168153407884
290 4325 5.59938786745226
291 4327 5.58188252631065
292 4329 5.56427436867611
293 4331 5.54653844586118
294 4333 5.52864980917842
295 4335 5.51058350994037
296 4337 5.49231459945958
297 4339 5.47381812904859
298 4341 5.45507011636044
299 4343 5.43606880487924
300 4345 5.41683466392019
301 4347 5.39738912913897
302 4349 5.37775363619126
303 4351 5.35794962073274
304 4353 5.33799851841909
305 4355 5.317921764906
306 4357 5.29774079584914
307 4359 5.2774770469042
308 4361 5.25715195372685
309 4363 5.23678695197278
310 4365 5.21640347729766
311 4367 5.19602296535718
312 4369 5.17566685180703
313 4371 5.15535657230287
314 4373 5.13511356250039
315 4375 5.11495925805527
316 4377 5.0949150946232
317 4379 5.07500250785985
318 4381 5.0552429334209
319 4383 5.03565780696203
320 4385 5.01626801362616
321 4387 4.99708177676242
322 4389 4.97809465792617
323 4391 4.95930166816001
324 4393 4.94069781850653
325 4395 4.92227812000832
326 4397 4.90403758370797
327 4399 4.88597122064807
328 4401 4.86807404187123
329 4403 4.85034105842002
330 4405 4.83276728133704
331 4407 4.81534772166489
332 4409 4.79807739044615
333 4411 4.78095129872343
334 4413 4.7639644575393
335 4415 4.74711187793637
336 4417 4.73038857095722
337 4419 4.71378954764444
338 4421 4.69730981904064
339 4423 4.6809443961884
340 4425 4.66468829013031
341 4427 4.64853651190897
342 4429 4.63248417740193
343 4431 4.61652881369088
344 4433 4.60067035906164
345 4435 4.58490885663501
346 4437 4.56924434953176
347 4439 4.55367688087268
348 4441 4.53820649377856
349 4443 4.52283323137019
350 4445 4.50755713676835
351 4447 4.49237825309383
352 4449 4.47729662346742
353 4451 4.4623122910099
354 4453 4.44742529884205
355 4455 4.43263569008467
356 4457 4.41794350785854
357 4459 4.40334879528445
358 4461 4.38885159548319
359 4463 4.37445195157553
360 4465 4.36014990668227
361 4467 4.34594550392419
362 4469 4.33183878642208
363 4471 4.31782979729673
364 4473 4.30391850403638
365 4475 4.29010313458085
366 4477 4.2763801773215
367 4479 4.26274604501718
368 4481 4.24919715042671
369 4483 4.23572990630894
370 4485 4.22234072542271
371 4487 4.20902602052683
372 4489 4.19578220438016
373 4491 4.18260568974153
374 4493 4.16949288936977
375 4495 4.15644021602372
376 4497 4.14344408246221
377 4499 4.13050090144408
378 4501 4.11760708572817
379 4503 4.1047590480733
380 4505 4.09195320123832
381 4507 4.07918595798206
382 4509 4.06645373106336
383 4511 4.05375293324105
384 4513 4.04107997727397
385 4515 4.02843127592095
386 4517 4.01580346674768
387 4519 4.00319835787753
388 4521 3.99062292799152
389 4523 3.97808438057756
390 4525 3.96558991912351
391 4527 3.95314674711728
392 4529 3.94076206804675
393 4531 3.92844308539981
394 4533 3.91619700266434
395 4535 3.90403102332824
396 4537 3.89195235087939
397 4539 3.87996818880568
398 4541 3.868085740595
399 4543 3.85631220973524
400 4545 3.84465479971428
401 4547 3.83312071402002
402 4549 3.82171715614033
403 4551 3.81045132956312
404 4553 3.79933043777626
405 4555 3.78836168426765
406 4557 3.77755227252517
407 4559 3.76690940603671
408 4561 3.75643997218537
409 4563 3.74614358794418
410 4565 3.73601259987606
411 4567 3.72603903843916
412 4569 3.71621493409162
413 4571 3.7065323172916
414 4573 3.69698321849724
415 4575 3.68755966816669
416 4577 3.67825369675808
417 4579 3.66905733472958
418 4581 3.65996261253933
419 4583 3.65096156064547
420 4585 3.64204620950614
421 4587 3.63320858957951
422 4589 3.6244407313237
423 4591 3.61573466519688
424 4593 3.60708242165718
425 4595 3.59847603116276
426 4597 3.58990752417175
427 4599 3.58136893114232
428 4601 3.57285228253259
429 4603 3.56434960880072
430 4605 3.55585309911103
431 4607 3.54735859286976
432 4609 3.53886557972509
433 4611 3.53037370803134
434 4613 3.52188262614287
435 4615 3.51339198241402
436 4617 3.50490142519913
437 4619 3.49641060285253
438 4621 3.48791916372858
439 4623 3.47942675618161
440 4625 3.47093302856596
441 4627 3.46243762923598
442 4629 3.45394020654601
443 4631 3.44544040885039
444 4633 3.43693788450345
445 4635 3.42843228185956
446 4637 3.41992324927303
447 4639 3.41141043509822
448 4641 3.40289348768947
449 4643 3.39437205540112
450 4645 3.3858457865875
451 4647 3.37731432960297
452 4649 3.36877712192517
453 4651 3.36022875086761
454 4653 3.35165895357969
455 4655 3.34305725633413
456 4657 3.33441318540362
457 4659 3.32571626706086
458 4661 3.31695602757856
459 4663 3.30812199322942
460 4665 3.29920369028614
461 4667 3.29019064502143
462 4669 3.28107238370798
463 4671 3.2718384326185
464 4673 3.26247831802569
465 4675 3.25298156620226
466 4677 3.2433377034209
467 4679 3.23353625595431
468 4681 3.22356675007521
469 4683 3.21341871205629
470 4685 3.20308166817025
471 4687 3.1925451446898
472 4689 3.18179866788764
473 4691 3.17083176403647
474 4693 3.15963502760275
475 4695 3.14822362150908
476 4697 3.1366372771343
477 4699 3.12491679405095
478 4701 3.11310297183158
479 4703 3.10123661004875
480 4705 3.08935850827502
481 4707 3.07750946608294
482 4709 3.06573028304505
483 4711 3.05406175873393
484 4713 3.04254469272212
485 4715 3.03121988458217
486 4717 3.02012813388665
487 4719 3.0093102402081
488 4721 2.99880700311908
489 4723 2.98865922219215
490 4725 2.97890769699985
491 4727 2.96959322711475
492 4729 2.96075661210939
493 4731 2.95243865155634
494 4733 2.94468014502814
495 4735 2.93752189209736
496 4737 2.93100289581223
497 4739 2.92512083916185
498 4741 2.91983208507619
499 4743 2.91509119996088
500 4745 2.91085275022157
501 4747 2.90707130226391
502 4749 2.90370142249353
503 4751 2.90069767731609
504 4753 2.89801463313724
505 4755 2.89560685636261
506 4757 2.89342891339785
507 4759 2.8914353706486
508 4761 2.88958079452052
509 4763 2.88781975141924
510 4765 2.88610680775041
511 4767 2.88439652991968
512 4769 2.88264348433268
513 4771 2.88080223739508
514 4773 2.8788273555125
515 4775 2.8766734050906
516 4777 2.87429495253503
517 4779 2.87164656425142
518 4781 2.868684379758
519 4783 2.86540072016237
520 4785 2.86182408816152
521 4787 2.85798455956501
522 4789 2.85391221018239
523 4791 2.84963711582323
524 4793 2.84518935229708
525 4795 2.84059899541351
526 4797 2.83589612098207
527 4799 2.83111080481233
528 4801 2.82627312271385
529 4803 2.82141315049619
530 4805 2.81656096396891
531 4807 2.81174663894157
532 4809 2.80700025122372
533 4811 2.80235187662494
534 4813 2.79783159095477
535 4815 2.79346947002279
536 4817 2.78929558963855
537 4819 2.78534002561161
538 4821 2.78163285375153
539 4823 2.77820414986787
540 4825 2.77508281963101
541 4827 2.7722708555098
542 4829 2.76974333677163
543 4831 2.76747417254468
544 4833 2.76543727195715
545 4835 2.7636065441372
546 4837 2.76195589821303
547 4839 2.76045924331282
548 4841 2.75909048856476
549 4843 2.75782354309702
550 4845 2.7566323160378
551 4847 2.75549071651527
552 4849 2.75437265365763
553 4851 2.75325203659305
554 4853 2.75210277444972
555 4855 2.75089877635582
556 4857 2.74961395143955
557 4859 2.74822220882907
558 4861 2.74669745765258
559 4863 2.74501360703826
560 4865 2.74314456611429
561 4867 2.74106424400886
562 4869 2.73874743836014
563 4871 2.73618938253599
564 4873 2.73340574563394
565 4875 2.73041308526152
566 4877 2.72722795902626
567 4879 2.72386692453569
568 4881 2.72034653939733
569 4883 2.7166833612187
570 4885 2.71289394760734
571 4887 2.70899485617077
572 4889 2.70500264451652
573 4891 2.70093387025212
574 4893 2.69680509098508
575 4895 2.69263286432295
576 4897 2.68843374787324
577 4899 2.68422429924348
578 4901 2.6800210760412
579 4903 2.67584063587392
580 4905 2.67169953634918
581 4907 2.66761433507449
582 4909 2.66360158965739
583 4911 2.65967785770541
584 4913 2.65585943223691
585 4915 2.65215652072004
586 4917 2.64857324507266
587 4919 2.64511346262348
588 4921 2.64178103070124
589 4923 2.63857980663465
590 4925 2.63551364775244
591 4927 2.63258641138332
592 4929 2.62980195485604
593 4931 2.62716413549929
594 4933 2.62467681064182
595 4935 2.62234383761234
596 4937 2.62016907373957
597 4939 2.61815637635224
598 4941 2.61630960277907
599 4943 2.61463261034879
600 4945 2.61312925639011
601 4947 2.61180339823176
602 4949 2.61065889320246
603 4951 2.60969959863094
604 4953 2.60892937184591
605 4955 2.6083520701761
606 4957 2.60797095715251
607 4959 2.60777563895826
608 4961 2.60774206442867
609 4963 2.60784558860127
610 4965 2.60806156651365
611 4967 2.60836535320334
612 4969 2.60873230370793
613 4971 2.60913777306496
614 4973 2.60955711631199
615 4975 2.60996568848659
616 4977 2.61033884462632
617 4979 2.61065193976873
618 4981 2.61088032895139
619 4983 2.61099936721185
620 4985 2.61098440958768
621 4987 2.61081081111644
622 4989 2.61045392683568
623 4991 2.60988911178297
624 4993 2.60909172099587
625 4995 2.60803710951194
626 4997 2.60670063236873
627 4999 2.60505764460381
628 5001 2.60308454531099
629 5003 2.60078174687806
630 5005 2.59817367498675
631 5007 2.59528579937506
632 5009 2.59214358978099
633 5011 2.58877251594252
634 5013 2.58519804759766
635 5015 2.58144565448441
636 5017 2.57754080634075
637 5019 2.57350897290469
638 5021 2.56937562391423
639 5023 2.56516622910735
640 5025 2.56090625822205
641 5027 2.55662118099634
642 5029 2.5523364671682
643 5031 2.54807758647564
644 5033 2.54387000865664
645 5035 2.53973920344921
646 5037 2.53571064059135
647 5039 2.53180978982104
648 5041 2.52806212087629
649 5043 2.52449310349509
650 5045 2.52112738146546
651 5047 2.51797060172597
652 5049 2.51500941436574
653 5051 2.51222964352392
654 5053 2.50961711333965
655 5055 2.50715764795207
656 5057 2.50483707150033
657 5059 2.50264120812357
658 5061 2.50055588196094
659 5063 2.49856691715158
660 5065 2.49666013783464
661 5067 2.49482136814925
662 5069 2.49303643223457
663 5071 2.49129115422973
664 5073 2.48957135827389
665 5075 2.48786286850618
666 5077 2.48615150906575
667 5079 2.48442310409175
668 5081 2.48266347772331
669 5083 2.48085845409958
670 5085 2.47899385735972
671 5087 2.47705551164285
672 5089 2.47502968889083
673 5091 2.47291296050767
674 5093 2.47071219735956
675 5095 2.46843471811539
676 5097 2.46608784144405
677 5099 2.46367888601442
678 5101 2.4612151704954
679 5103 2.45870401355587
680 5105 2.45615273386472
681 5107 2.45356865009084
682 5109 2.45095908090311
683 5111 2.44833134497043
684 5113 2.44569276096169
685 5115 2.44305064754577
686 5117 2.44041232339156
687 5119 2.43778510716796
688 5121 2.43517631754384
689 5123 2.4325932731881
690 5125 2.43004329276962
691 5127 2.4275336949573
692 5129 2.42507179842003
693 5131 2.42266492182668
694 5133 2.42032010523471
695 5135 2.41803798063838
696 5137 2.41581277196876
697 5139 2.41363842454548
698 5141 2.41150888368817
699 5143 2.40941809471646
700 5145 2.40736000294998
701 5147 2.40532855370837
702 5149 2.40331769231124
703 5151 2.40132136407824
704 5153 2.39933351432899
705 5155 2.39734808838312
706 5157 2.39535903156026
707 5159 2.39336028918005
708 5161 2.39134580656211
709 5163 2.38930952902607
710 5165 2.38724540189157
711 5167 2.38514737047823
712 5169 2.38300938010569
713 5171 2.38082537609357
714 5173 2.37858930376151
715 5175 2.37629510842913
716 5177 2.37393703099819
717 5179 2.37151611075934
718 5181 2.3690401853921
719 5183 2.36651738815814
720 5185 2.36395585231912
721 5187 2.36136371113668
722 5189 2.3587490978725
723 5191 2.35612014578822
724 5193 2.3534849881455
725 5195 2.35085175820602
726 5197 2.34822858923141
727 5199 2.34562361448334
728 5201 2.34304496722346
729 5203 2.34050078071345
730 5205 2.33799918821494
731 5207 2.33554832298961
732 5209 2.3331563182991
733 5211 2.33083130740508
734 5213 2.32858142356921
735 5215 2.32641480005314
736 5217 2.32433957011853
737 5219 2.32236386702703
738 5221 2.32049546944842
739 5223 2.3187340004389
740 5225 2.3170709274411
741 5227 2.31549736330579
742 5229 2.3140044208837
743 5231 2.31258321302559
744 5233 2.3112248525822
745 5235 2.30992045240429
746 5237 2.30866112534261
747 5239 2.3074379842479
748 5241 2.30624214197091
749 5243 2.3050647113624
750 5245 2.30389680527311
751 5247 2.30272953655379
752 5249 2.30155401805519
753 5251 2.30036136262806
754 5253 2.29914268312315
755 5255 2.2978890923912
756 5257 2.29659170328298
757 5259 2.29524162864922
758 5261 2.29382998134068
759 5263 2.29234787420811
760 5265 2.29078673207737
761 5267 2.28914515520229
762 5269 2.28742891926458
763 5271 2.28564411192111
764 5273 2.28379682082873
765 5275 2.2818931336443
766 5277 2.27993913802469
767 5279 2.27794092162675
768 5281 2.27590457210734
769 5283 2.27383617712332
770 5285 2.27174182433155
771 5287 2.26962760138888
772 5289 2.26749959595218
773 5291 2.2653638956783
774 5293 2.2632265882241
775 5295 2.26109376124645
776 5297 2.25897150240219
777 5299 2.25686589934819
778 5301 2.25478303974132
779 5303 2.25272901123841
780 5305 2.25070990149634
781 5307 2.24873179817197
782 5309 2.24680057342225
783 5311 2.24491714290674
784 5313 2.2430774657875
785 5315 2.24127728572675
786 5317 2.23951234638667
787 5319 2.23777839142949
788 5321 2.23607116451738
789 5323 2.23438640931256
790 5325 2.23271986947723
791 5327 2.23106728867358
792 5329 2.22942441056382
793 5331 2.22778697881015
794 5333 2.22615073707476
795 5335 2.22451142901986
796 5337 2.22286479830764
797 5339 2.22120658860032
798 5341 2.21953254356008
799 5343 2.21783840684913
800 5345 2.21611992212967
801 5347 2.21437283306391
802 5349 2.21259288331403
803 5351 2.21077581654224
804 5353 2.20891749040307
805 5355 2.20701638437439
806 5357 2.20507359975745
807 5359 2.20309035184582
808 5361 2.20106785593306
809 5363 2.19900732731275
810 5365 2.19690998127844
811 5367 2.19477703312371
812 5369 2.19260969814211
813 5371 2.19040919162723
814 5373 2.18817672887261
815 5375 2.18591352517184
816 5377 2.18362079581847
817 5379 2.18129975610607
818 5381 2.17895162132822
819 5383 2.17657760677846
820 5385 2.17417892775038
821 5387 2.17175679953754
822 5389 2.1693124374335
823 5391 2.16684705673184
824 5393 2.16436187272611
825 5395 2.16185810070988
826 5397 2.15933706076997
827 5399 2.15680248323768
828 5401 2.15426050868885
829 5403 2.15171738249255
830 5405 2.14917935001783
831 5407 2.14665265663378
832 5409 2.14414354770946
833 5411 2.14165826861393
834 5413 2.13920306471627
835 5415 2.13678418138555
836 5417 2.13440786399083
837 5419 2.13208035790117
838 5421 2.12980790848566
839 5423 2.12759676111336
840 5425 2.12545316115333
841 5427 2.12338335397464
842 5429 2.12139358494637
843 5431 2.11949009943757
844 5433 2.11767914281733
845 5435 2.1159669604547
846 5437 2.11435979771876
847 5439 2.11286389997857
848 5441 2.111485202725
849 5443 2.11022251425022
850 5445 2.10906751564769
851 5447 2.10801157813268
852 5449 2.10704607292045
853 5451 2.10616237122628
854 5453 2.10535184426542
855 5455 2.10460586325314
856 5457 2.10391579940471
857 5459 2.1032730239354
858 5461 2.10266890806046
859 5463 2.10209482299516
860 5465 2.10154213995478
861 5467 2.10100223015456
862 5469 2.10046646480979
863 5471 2.09992621513573
864 5473 2.09937285234763
865 5475 2.09879774766077
866 5477 2.09819227229041
867 5479 2.09754779745182
868 5481 2.09685569436027
869 5483 2.09610733423101
870 5485 2.09529436949368
871 5487 2.0944149205085
872 5489 2.09347357556622
873 5491 2.09247520417198
874 5493 2.09142467583092
875 5495 2.09032686004817
876 5497 2.08918662632888
877 5499 2.08800884417819
878 5501 2.08679838310123
879 5503 2.08556011260314
880 5505 2.08429890218905
881 5507 2.08301962136412
882 5509 2.08172713963346
883 5511 2.08042632650223
884 5513 2.07912205147556
885 5515 2.07781918405859
886 5517 2.07652259375645
887 5519 2.07523715007429
888 5521 2.07396772251724
889 5523 2.07271918059044
890 5525 2.07149639379903
891 5527 2.07030423164814
892 5529 2.0691474222613
893 5531 2.06802744198462
894 5533 2.06694251538686
895 5535 2.06589072565515
896 5537 2.0648701559766
897 5539 2.06387888953834
898 5541 2.06291500952749
899 5543 2.06197659913117
900 5545 2.06106174153651
901 5547 2.06016851993063
902 5549 2.05929501750065
903 5551 2.0584393174337
904 5553 2.0575995029169
905 5555 2.05677365713737
906 5557 2.05595986328224
907 5559 2.05515620453863
908 5561 2.05436076409366
909 5563 2.05357162513446
910 5565 2.05278687084814
911 5567 2.05200458442184
912 5569 2.05122284904267
913 5571 2.05043974789776
914 5573 2.04965339161738
915 5575 2.04886252202412
916 5577 2.04806651213291
917 5579 2.04726476240185
918 5581 2.04645667328899
919 5583 2.04564164525243
920 5585 2.04481907875022
921 5587 2.04398837424046
922 5589 2.04314893218122
923 5591 2.04230015303057
924 5593 2.04144143724659
925 5595 2.04057218528736
926 5597 2.03969179761096
927 5599 2.03879967467545
928 5601 2.03789521693893
929 5603 2.03697782485946
930 5605 2.03604689889512
931 5607 2.03510183950399
932 5609 2.03414204714415
933 5611 2.03316692227367
934 5613 2.03217586535062
935 5615 2.03116827683309
936 5617 2.03014366067791
937 5619 2.02910390131305
938 5621 2.02805326363772
939 5623 2.02699611604982
940 5625 2.02593682694728
941 5627 2.02487976472802
942 5629 2.02382929778996
943 5631 2.02278979453104
944 5633 2.02176562334916
945 5635 2.02076115264226
946 5637 2.01978075080825
947 5639 2.01882878624506
948 5641 2.01790962735061
949 5643 2.01702764252282
950 5645 2.01618720015961
951 5647 2.01539266865892
952 5649 2.01464841641866
953 5651 2.01395881183674
954 5653 2.01332822331111
955 5655 2.01276101923967
956 5657 2.01226156802036
957 5659 2.01183423805109
958 5661 2.01148318789396
959 5663 2.0112077498873
960 5665 2.01100243014559
961 5667 2.01086152494752
962 5669 2.01077933057179
963 5671 2.01075014329708
964 5673 2.01076825940207
965 5675 2.01082797516546
966 5677 2.01092358686593
967 5679 2.01104939078216
968 5681 2.01119968319286
969 5683 2.01136876037669
970 5685 2.01155091861236
971 5687 2.01174045417854
972 5689 2.01193166335392
973 5691 2.0121188424172
974 5693 2.01229628764705
975 5695 2.01245829532217
976 5697 2.01259916172124
977 5699 2.01271318312296
978 5701 2.01279465580599
979 5703 2.01283787604905
980 5705 2.01283733587425
981 5707 2.01279202940309
982 5709 2.01270545285639
983 5711 2.01258129819845
984 5713 2.01242325739354
985 5715 2.01223502240594
986 5717 2.01202028519994
987 5719 2.01178273773982
988 5721 2.01152607198986
989 5723 2.01125397991434
990 5725 2.01097015347755
991 5727 2.01067828464377
992 5729 2.01038206537728
993 5731 2.01008518764237
994 5733 2.0097913434033
995 5735 2.00950422462438
996 5737 2.00922752326988
997 5739 2.00896493130407
998 5741 2.00872014069126
999 5743 2.00849684339571
1000 5745 2.0082987313817
1001 5747 2.00812949661353
1002 5749 2.00799258340792
1003 5751 2.00788574018775
1004 5753 2.00780101948207
1005 5755 2.00773022617238
1006 5757 2.00766516514017
1007 5759 2.00759764126693
1008 5761 2.00751945943416
1009 5763 2.00742242452335
1010 5765 2.00729834141598
1011 5767 2.00713901499357
1012 5769 2.00693625013759
1013 5771 2.00668185172953
1014 5773 2.00636762465091
1015 5775 2.0059853737832
1016 5777 2.00552690400789
1017 5779 2.00498402020649
1018 5781 2.00434852726049
1019 5783 2.00361223005137
1020 5785 2.00276693346063
1021 5787 2.00180444236977
1022 5789 2.00071656166027
1023 5791 1.99949509621363
1024 5793 1.99813230268504
1025 5795 1.99663082852479
1026 5797 1.99500371197824
1027 5799 1.99326444306447
1028 5801 1.99142651180256
1029 5803 1.98950340821156
1030 5805 1.98750862231057
1031 5807 1.98545564411864
1032 5809 1.98335796365486
1033 5811 1.98122907093829
1034 5813 1.97908245598801
1035 5815 1.97693160882308
1036 5817 1.97479001946259
1037 5819 1.97267117792559
1038 5821 1.97058857423118
1039 5823 1.96855569839841
1040 5825 1.96658604044637
1041 5827 1.96469309039411
1042 5829 1.96289033826072
1043 5831 1.96119127406527
1044 5833 1.95960938782683
1045 5835 1.95815816956448
1046 5837 1.95685069813101
1047 5839 1.95569059555503
1048 5841 1.95467202704097
1049 5843 1.95378874662696
1050 5845 1.95303450835116
1051 5847 1.95240306625172
1052 5849 1.95188817436677
1053 5851 1.95148358673447
1054 5853 1.95118305739297
1055 5855 1.95098034038041
1056 5857 1.95086918973494
1057 5859 1.9508433594947
1058 5861 1.95089660369785
1059 5863 1.95102267638252
1060 5865 1.95121533158688
1061 5867 1.95146832334906
1062 5869 1.9517754057072
1063 5871 1.95213033269947
1064 5873 1.95252685836401
1065 5875 1.95295873673895
1066 5877 1.95341972186246
1067 5879 1.95390356777267
1068 5881 1.95440414406963
1069 5883 1.95491797827684
1070 5885 1.95544425584128
1071 5887 1.95598227777182
1072 5889 1.95653134507734
1073 5891 1.95709075876669
1074 5893 1.95765981984876
1075 5895 1.9582378293324
1076 5897 1.9588240882265
1077 5899 1.95941789753991
1078 5901 1.96001855828151
1079 5903 1.96062537146017
1080 5905 1.96123763808475
1081 5907 1.96185465916414
1082 5909 1.96247573570719
1083 5911 1.96310016872277
1084 5913 1.96372725921976
1085 5915 1.96435630820703
1086 5917 1.96498661669344
1087 5919 1.96561748568786
1088 5921 1.96624821619917
1089 5923 1.96687810923623
1090 5925 1.96750643496324
1091 5927 1.96813175411695
1092 5929 1.96875191800662
1093 5931 1.96936474709686
1094 5933 1.96996806185229
1095 5935 1.97055968273751
1096 5937 1.97113743021714
1097 5939 1.97169912475576
1098 5941 1.972242586818
1099 5943 1.97276563686847
1100 5945 1.97326609537176
1101 5947 1.97374178279249
1102 5949 1.97419051959526
1103 5951 1.97461012624469
1104 5953 1.97499842320537
1105 5955 1.97535323094192
1106 5957 1.97567236991895
1107 5959 1.97595366060106
1108 5961 1.97619492345286
1109 5963 1.97639397893895
1110 5965 1.97654864752395
1111 5967 1.97665674967247
1112 5969 1.97671622298553
1113 5971 1.97672769920216
1114 5973 1.97669450419931
1115 5975 1.9766200809904
1116 5977 1.97650787258882
1117 5979 1.97636132200799
1118 5981 1.9761838722613
1119 5983 1.97597896636216
1120 5985 1.97575004732397
1121 5987 1.97550055816014
1122 5989 1.97523394188407
1123 5991 1.97495364150916
1124 5993 1.97466310004882
1125 5995 1.97436576051645
1126 5997 1.97406506592546
1127 5999 1.97376445928925
1128 6001 1.97346738362122
1129 6003 1.97317728193478
1130 6005 1.97289759724333
1131 6007 1.97263177256028
1132 6009 1.97238325089902
1133 6011 1.97215547527297
1134 6013 1.97195182902875
1135 6015 1.97177432317724
1136 6017 1.97162359639352
1137 6019 1.97150022768593
1138 6021 1.97140479606279
1139 6023 1.97133788053243
1140 6025 1.97130006010319
1141 6027 1.97129191378337
1142 6029 1.97131402058132
1143 6031 1.97136695950537
1144 6033 1.97145130956382
1145 6035 1.97156764976503
1146 6037 1.9717165591173
1147 6039 1.97189861662898
1148 6041 1.97211440130838
1149 6043 1.97236449216384
1150 6045 1.97264946820367
1151 6047 1.97296990843622
1152 6049 1.9733263918698
1153 6051 1.97371949751274
1154 6053 1.97414980437337
1155 6055 1.97461789146002
1156 6057 1.97512427968912
1157 6059 1.97566815386367
1158 6061 1.9762473626732
1159 6063 1.97685969671534
1160 6065 1.97750294658776
1161 6067 1.9781749028881
1162 6069 1.978873356214
1163 6071 1.9795960971631
1164 6073 1.98034091633306
1165 6075 1.98110560432153
1166 6077 1.98188795172614
1167 6079 1.98268574914455
1168 6081 1.9834967871744
1169 6083 1.98431885641333
1170 6085 1.985149747459
1171 6087 1.98598725090905
1172 6089 1.98682915736112
1173 6091 1.98767325741287
1174 6093 1.98851734166193
1175 6095 1.98935920070596
1176 6097 1.99019662514261
1177 6099 1.9910274055695
1178 6101 1.99184938329428
1179 6103 1.9926615659539
1180 6105 1.99346412751469
1181 6107 1.99425729265294
1182 6109 1.99504128604495
1183 6111 1.99581633236702
1184 6113 1.99658265629542
1185 6115 1.99734048250647
1186 6117 1.99809003567646
1187 6119 1.99883154048167
1188 6121 1.9995652215984
1189 6123 2.00029130370295
1190 6125 2.00101001147162
1191 6127 2.00172156958069
1192 6129 2.00242620270646
1193 6131 2.00312413552522
1194 6133 2.00381559271328
1195 6135 2.00450079894691
1196 6137 2.00517997890243
1197 6139 2.00585335725611
1198 6141 2.00652115868427
1199 6143 2.00718360786318
1200 6145 2.00784089067193
1201 6147 2.0084923006535
1202 6149 2.00913623901478
1203 6151 2.00977106816546
1204 6153 2.01039515051522
1205 6155 2.01100684847373
1206 6157 2.01160452445067
1207 6159 2.01218654085571
1208 6161 2.01275126009854
1209 6163 2.01329704458883
1210 6165 2.01382225673627
1211 6167 2.01432525895052
1212 6169 2.01480441364127
1213 6171 2.01525808321819
1214 6173 2.01568463009096
1215 6175 2.01608241666926
1216 6177 2.01644980536277
1217 6179 2.01678515858117
1218 6181 2.01708683873412
1219 6183 2.01735320823132
1220 6185 2.01758262948243
1221 6187 2.01777346489714
1222 6189 2.01792420590631
1223 6191 2.01803631142799
1224 6193 2.01811420786744
1225 6195 2.0181624506511
1226 6197 2.0181855952054
1227 6199 2.01818819695678
1228 6201 2.01817481133169
1229 6203 2.01814999375656
1230 6205 2.01811829965782
1231 6207 2.01808428446192
1232 6209 2.01805250359529
1233 6211 2.01802751248437
1234 6213 2.0180138665556
1235 6215 2.01801612123542
1236 6217 2.01803883195027
1237 6219 2.01808655412658
1238 6221 2.01816384319079
1239 6223 2.01827525456933
1240 6225 2.01842534368866
1241 6227 2.0186186659752
1242 6229 2.0188597768554
1243 6231 2.01915323175568
1244 6233 2.01950338984784
1245 6235 2.01991009644647
1246 6237 2.02036868300898
1247 6239 2.02087428473815
1248 6241 2.02142203683674
1249 6243 2.02200707450751
1250 6245 2.02262453295322
1251 6247 2.02326954737663
1252 6249 2.02393725298051
1253 6251 2.02462278496762
1254 6253 2.02532127854071
1255 6255 2.02602786890256
1256 6257 2.02673769125593
1257 6259 2.02744588080357
1258 6261 2.02814757274826
1259 6263 2.02883790229274
1260 6265 2.0295120046398
1261 6267 2.03016501499218
1262 6269 2.03079206855264
1263 6271 2.03138830052397
1264 6273 2.0319488461089
1265 6275 2.03246884051021
1266 6277 2.03294354495715
1267 6279 2.0333711192881
1268 6281 2.03375262195058
1269 6283 2.03408923741861
1270 6285 2.03438215016621
1271 6287 2.03463254466737
1272 6289 2.03484160539612
1273 6291 2.03501051682647
1274 6293 2.03514046343242
1275 6295 2.035232629688
1276 6297 2.0352882000672
1277 6299 2.03530835904405
1278 6301 2.03529429109255
1279 6303 2.03524718068671
1280 6305 2.03516821230055
1281 6307 2.03505857040808
1282 6309 2.03491943948331
1283 6311 2.03475200400026
1284 6313 2.03455744843292
1285 6315 2.03433695725532
1286 6317 2.03409171494147
1287 6319 2.03382290596538
1288 6321 2.03353172280847
1289 6323 2.03321954212267
1290 6325 2.03288792473042
1291 6327 2.03253843946157
1292 6329 2.03217265514597
1293 6331 2.03179214061347
1294 6333 2.03139846469392
1295 6335 2.03099319621717
1296 6337 2.03057790401306
1297 6339 2.03015415691145
1298 6341 2.02972352374219
1299 6343 2.02928757333512
1300 6345 2.0288478745201
1301 6347 2.02840599612698
1302 6349 2.0279635069856
1303 6351 2.02752197592581
1304 6353 2.02708297177747
1305 6355 2.02664806337042
1306 6357 2.02621881953452
1307 6359 2.02579680909961
1308 6361 2.02538360089554
1309 6363 2.02498076375216
1310 6365 2.02458987077956
1311 6367 2.02421259353327
1312 6369 2.02385070201427
1313 6371 2.02350597050377
1314 6373 2.02318017328298
1315 6375 2.02287508463312
1316 6377 2.02259247883541
1317 6379 2.02233413017104
1318 6381 2.02210181292125
1319 6383 2.02189730136724
1320 6385 2.02172236979023
1321 6387 2.02157879247143
1322 6389 2.02146834369205
1323 6391 2.02139279773331
1324 6393 2.02135392887642
1325 6395 2.02135351140259
1326 6397 2.02139331959305
1327 6399 2.02147512772899
1328 6401 2.02160071009165
1329 6403 2.02177184096222
1330 6405 2.02199029462192
1331 6407 2.02225784535198
1332 6409 2.02257618051429
1333 6411 2.02294498832675
1334 6413 2.02336195786325
1335 6415 2.02382469127837
1336 6417 2.02433079072669
1337 6419 2.0248778583628
1338 6421 2.02546349634127
1339 6423 2.02608530681668
1340 6425 2.02674089194362
1341 6427 2.02742785387667
1342 6429 2.0281437947704
1343 6431 2.0288863167794
1344 6433 2.02965302205825
1345 6435 2.03044151276153
1346 6437 2.03124939104382
1347 6439 2.03207425905971
1348 6441 2.03291371896376
1349 6443 2.03376537291058
1350 6445 2.03462682305473
1351 6447 2.03549567155079
1352 6449 2.03636952055335
1353 6451 2.03724597221699
1354 6453 2.03812252053188
1355 6455 2.03899417170668
1356 6457 2.03985344416854
1357 6459 2.04069274818023
1358 6461 2.04150449400449
1359 6463 2.04228109190406
1360 6465 2.0430149521417
1361 6467 2.04369848498014
1362 6469 2.04432410068215
1363 6471 2.04488420951046
1364 6473 2.04537122172782
1365 6475 2.04577754759699
1366 6477 2.0460955973807
1367 6479 2.04631778134172
1368 6481 2.04643650974278
1369 6483 2.04644419284663
1370 6485 2.04633324091602
1371 6487 2.04609606421371
1372 6489 2.04572507300243
1373 6491 2.04521267754493
1374 6493 2.04455128810397
1375 6495 2.04373331494228
1376 6497 2.04275164301464
1377 6499 2.04161007519214
1378 6501 2.0403233322622
1379 6503 2.03890660970427
1380 6505 2.03737510299779
1381 6507 2.03574400762221
1382 6509 2.03402851905696
1383 6511 2.03224383278149
1384 6513 2.03040514427524
1385 6515 2.02852764901766
1386 6517 2.02662654248818
1387 6519 2.02471702016625
1388 6521 2.02281427753131
1389 6523 2.02093351006281
1390 6525 2.01908991324018
1391 6527 2.01729868254287
1392 6529 2.01557501345033
1393 6531 2.01393410144199
1394 6533 2.01239114199729
1395 6535 2.01096133059569
1396 6537 2.00965986271662
1397 6539 2.00850193383952
1398 6541 2.00750230101655
1399 6543 2.00666563747206
1400 6545 2.00598653260264
1401 6547 2.00545913737757
1402 6549 2.00507760276615
1403 6551 2.00483607973765
1404 6553 2.00472871926136
1405 6555 2.00474967230657
1406 6557 2.00489308984256
1407 6559 2.00515312283862
1408 6561 2.00552392226404
1409 6563 2.0059996390881
1410 6565 2.00657442428009
1411 6567 2.0072424288093
1412 6569 2.007997803645
1413 6571 2.00883469975649
1414 6573 2.00974726811305
1415 6575 2.01072965968397
1416 6577 2.01177602543853
1417 6579 2.01288051634602
1418 6581 2.01403728337573
1419 6583 2.01524047749695
1420 6585 2.01648417665699
1421 6587 2.01776077929833
1422 6589 2.01906100435852
1423 6591 2.02037549775318
1424 6593 2.02169490539793
1425 6595 2.02300987320838
1426 6597 2.02431104710015
1427 6599 2.02558907298886
1428 6601 2.02683459679012
1429 6603 2.02803826441954
1430 6605 2.02919072179275
1431 6607 2.03028261482535
1432 6609 2.03130458943297
1433 6611 2.03224729153122
1434 6613 2.03310136703572
1435 6615 2.03385746186208
1436 6617 2.03450622192592
1437 6619 2.03503829314286
1438 6621 2.0354443214285
1439 6623 2.03571495269848
1440 6625 2.03584083286839
1441 6627 2.03581260785386
1442 6629 2.03562145238046
1443 6631 2.03527070380247
1444 6633 2.03477586210293
1445 6635 2.03415295607482
1446 6637 2.03341801451112
1447 6639 2.03258706620481
1448 6641 2.03167613994887
1449 6643 2.03070126453628
1450 6645 2.02967846876001
1451 6647 2.02862378141305
1452 6649 2.02755323128837
1453 6651 2.02648284717895
1454 6653 2.02542865787778
1455 6655 2.02440669217783
1456 6657 2.02343297887209
1457 6659 2.02252354675352
1458 6661 2.02169442461511
1459 6663 2.02096164124984
1460 6665 2.02034122545069
1461 6667 2.01984920601064
1462 6669 2.01950161172266
1463 6671 2.01931447137974
1464 6673 2.01930322128248
1465 6675 2.01946967040706
1466 6677 2.01980200040519
1467 6679 2.02028780043623
1468 6681 2.02091465965953
1469 6683 2.02167016723444
1470 6685 2.02254191232031
1471 6687 2.0235174840765
1472 6689 2.02458447166236
1473 6691 2.02573046423724
1474 6693 2.0269430509605
1475 6695 2.02820982099149
1476 6697 2.02951836348955
1477 6699 2.03085626761405
1478 6701 2.03221112252434
1479 6703 2.03357051737977
1480 6705 2.03492204133969
1481 6707 2.03625328356345
1482 6709 2.03755183321041
1483 6711 2.03880527943992
1484 6713 2.04000121141134
1485 6715 2.04112721828401
1486 6717 2.04217128353582
1487 6719 2.04313045997105
1488 6721 2.04401086972034
1489 6723 2.04481902923286
1490 6725 2.04556145495781
1491 6727 2.04624466334435
1492 6729 2.04687517084168
1493 6731 2.04745949389897
1494 6733 2.0480041489654
1495 6735 2.04851565249016
1496 6737 2.04900052092243
1497 6739 2.04946527071139
1498 6741 2.04991641830621
1499 6743 2.05036048015608
1500 6745 2.05080397271019
1501 6747 2.05125341241771
1502 6749 2.05171531572782
1503 6751 2.05219619908971
1504 6753 2.05270257895256
1505 6755 2.05324097176554
1506 6757 2.05381789397785
1507 6759 2.05443986203865
1508 6761 2.05511313506772
1509 6763 2.05583805360836
1510 6765 2.05660903962736
1511 6767 2.05742025776214
1512 6769 2.05826587265009
1513 6771 2.05914004892861
1514 6773 2.0600369512351
1515 6775 2.06095074420696
1516 6777 2.06187559248159
1517 6779 2.06280566069639
1518 6781 2.06373511348876
1519 6783 2.0646581154961
1520 6785 2.0655688313558
1521 6787 2.06646142570528
1522 6789 2.06733006318192
1523 6791 2.06816890842313
1524 6793 2.06897212606631
1525 6795 2.06973388074886
1526 6797 2.07044833710817
1527 6799 2.07110965978165
1528 6801 2.07171201340669
1529 6803 2.0722495626207
1530 6805 2.07271668195226
1531 6807 2.07311257342725
1532 6809 2.07344126656881
1533 6811 2.07370700079131
1534 6813 2.07391401550907
1535 6815 2.07406655013645
1536 6817 2.07416884408779
1537 6819 2.07422513677744
1538 6821 2.07423966761974
1539 6823 2.07421667602903
1540 6825 2.07416040141966
1541 6827 2.07407508320597
1542 6829 2.07396496080232
1543 6831 2.07383427362303
1544 6833 2.07368726108247
1545 6835 2.07352816259496
1546 6837 2.07336121757486
1547 6839 2.07319066543652
1548 6841 2.07302074559427
1549 6843 2.07285569746246
1550 6845 2.07269976045544
1551 6847 2.07255717398754
1552 6849 2.07243206548642
1553 6851 2.0723259866854
1554 6853 2.07223791362356
1555 6855 2.07216671035325
1556 6857 2.0721112409268
1557 6859 2.07207036939657
1558 6861 2.07204295981492
1559 6863 2.07202787623419
1560 6865 2.07202398270673
1561 6867 2.0720301432849
1562 6869 2.07204522202103
1563 6871 2.07206808296749
1564 6873 2.07209759017662
1565 6875 2.07213260770077
1566 6877 2.07217199959229
1567 6879 2.07221462990353
1568 6881 2.07225936268685
1569 6883 2.07230506199458
1570 6885 2.07235059187909
1571 6887 2.07239481639272
1572 6889 2.07243659958783
1573 6891 2.07247480551675
1574 6893 2.07250832823859
1575 6895 2.07253675196766
1576 6897 2.07256035107345
1577 6899 2.07257942993223
1578 6901 2.07259429292025
1579 6903 2.07260524441377
1580 6905 2.07261258878904
1581 6907 2.07261663042232
1582 6909 2.07261767368985
1583 6911 2.07261602296791
1584 6913 2.07261198263274
1585 6915 2.0726058570606
1586 6917 2.07259795062774
1587 6919 2.07258856771042
1588 6921 2.0725780126849
1589 6923 2.07256658992743
1590 6925 2.07255460381427
1591 6927 2.07254235872166
1592 6929 2.07253015902588
1593 6931 2.07251830910317
1594 6933 2.07250711332978
1595 6935 2.07249687608198
1596 6937 2.07248789369573
1597 6939 2.07248027758049
1598 6941 2.07247395421915
1599 6943 2.07246884205434
1600 6945 2.07246485952871
1601 6947 2.07246192508486
1602 6949 2.07245995716544
1603 6951 2.07245887421307
1604 6953 2.07245859467037
1605 6955 2.07245903697998
1606 6957 2.07246011958453
1607 6959 2.07246176092664
1608 6961 2.07246387944894
1609 6963 2.07246639359406
1610 6965 2.07246922180462
1611 6967 2.07247228252326
1612 6969 2.0724754941926
1613 6971 2.07247877525528
1614 6973 2.07248204415391
1615 6975 2.07248521933113
1616 6977 2.07248821922957
1617 6979 2.07249096229185
1618 6981 2.07249336911499
1619 6983 2.07249540984692
1620 6985 2.07249710418649
1621 6987 2.07249847398692
1622 6989 2.07249954110144
1623 6991 2.0725003273833
1624 6993 2.07250085468572
1625 6995 2.07250114486194
1626 6997 2.07250121976518
1627 6999 2.07250110124867
1628 7001 2.07250081116566
1629 7003 2.07250037136937
1630 7005 2.07249980371303
1631 7007 2.07249913004987
1632 7009 2.07249837223314
1633 7011 2.07249755211605
1634 7013 2.07249669155184
1635 7015 2.07249581239375
1636 7017 2.072494936495
1637 7019 2.07249408570883
1638 7021 2.07249328188846
1639 7023 2.07249254688714
1640 7025 2.07249190198082
1641 7027 2.07249135516835
1642 7029 2.07249090117143
1643 7031 2.07249053413451
1644 7033 2.07249024820204
1645 7035 2.07249003751845
1646 7037 2.07248989622819
1647 7039 2.07248981847571
1648 7041 2.07248979840545
1649 7043 2.07248983016185
1650 7045 2.07248990788936
1651 7047 2.07249002573242
1652 7049 2.07249017783548
1653 7051 2.07249035834297
1654 7053 2.07249056139936
1655 7055 2.07249078114907
1656 7057 2.07249101173655
1657 7059 2.07249124730625
1658 7061 2.07249148200262
1659 7063 2.07249170997008
1660 7065 2.0724919253531
1661 7067 2.07249212229611
1662 7069 2.07249229509824
1663 7071 2.0724924416162
1664 7073 2.07249256326431
1665 7075 2.07249266161155
1666 7077 2.07249273822693
1667 7079 2.07249279467943
1668 7081 2.07249283253804
1669 7083 2.07249285337175
1670 7085 2.07249285874956
1671 7087 2.07249285024046
1672 7089 2.07249282941344
1673 7091 2.07249279783748
1674 7093 2.07249275708159
1675 7095 2.07249270871475
1676 7097 2.07249265430596
1677 7099 2.0724925954242
1678 7101 2.07249253363847
1679 7103 2.07249247051776
1680 7105 2.07249240763106
1681 7107 2.07249234654736
1682 7109 2.07249228883566
1683 7111 2.07249223606493
1684 7113 2.07249218976274
1685 7115 2.07249215050338
1686 7117 2.07249211790786
1687 7119 2.0724920915558
1688 7121 2.07249207102677
1689 7123 2.07249205590037
1690 7125 2.07249204575618
1691 7127 2.07249204017381
1692 7129 2.07249203873283
1693 7131 2.07249204101283
1694 7133 2.07249204659342
1695 7135 2.07249205505417
1696 7137 2.07249206597468
1697 7139 2.07249207893453
1698 7141 2.07249209351333
1699 7143 2.07249210929064
1700 7145 2.07249212584608
1701 7147 2.07249214275923
1702 7149 2.07249215960967
1703 7151 2.07249217597699
1704 7153 2.0724921914408
1705 7155 2.07249220558067
1706 7157 2.07249221798731
1707 7159 2.07249222850682
1708 7161 2.07249223724076
1709 7163 2.07249224430178
1710 7165 2.07249224980251
1711 7167 2.07249225385562
1712 7169 2.07249225657375
1713 7171 2.07249225806954
1714 7173 2.07249225845565
1715 7175 2.07249225784472
1716 7177 2.07249225634941
1717 7179 2.07249225408236
1718 7181 2.07249225115622
1719 7183 2.07249224768363
1720 7185 2.07249224377726
1721 7187 2.07249223954974
1722 7189 2.07249223511372
1723 7191 2.07249223058186
1724 7193 2.0724922260668
1725 7195 2.07249222168119
1726 7197 2.07249221753767
1727 7199 2.0724922137489
1728 7201 2.07249221042456
1729 7203 2.07249220760586
1730 7205 2.07249220526561
1731 7207 2.07249220337362
1732 7209 2.0724922018997
1733 7211 2.07249220081367
1734 7213 2.07249220008535
1735 7215 2.07249219968455
1736 7217 2.0724921995811
1737 7219 2.07249219974479
1738 7221 2.07249220014546
1739 7223 2.07249220075292
1740 7225 2.07249220153697
1741 7227 2.07249220246745
1742 7229 2.07249220351416
1743 7231 2.07249220464692
1744 7233 2.07249220583555
1745 7235 2.07249220704986
1746 7237 2.07249220825966
1747 7239 2.07249220943478
1748 7241 2.07249221054504
1749 7243 2.07249221156023
1750 7245 2.07249221245099
1751 7247 2.07249221320626
1752 7249 2.07249221383333
1753 7251 2.07249221434028
1754 7253 2.07249221473522
1755 7255 2.07249221502622
1756 7257 2.07249221522137
1757 7259 2.07249221532876
1758 7261 2.07249221535649
1759 7263 2.07249221531262
1760 7265 2.07249221520526
1761 7267 2.0724922150425
1762 7269 2.07249221483241
1763 7271 2.07249221458309
1764 7273 2.07249221430262
1765 7275 2.0724922139991
1766 7277 2.07249221368061
1767 7279 2.07249221335524
1768 7281 2.07249221303107
1769 7283 2.0724922127162
1770 7285 2.07249221241871
1771 7287 2.07249221214669
1772 7289 2.07249221190801
1773 7291 2.07249221170563
1774 7293 2.07249221153761
1775 7295 2.07249221140177
1776 7297 2.07249221129595
1777 7299 2.07249221121798
1778 7301 2.07249221116569
1779 7303 2.07249221113691
1780 7305 2.07249221112948
1781 7307 2.07249221114124
1782 7309 2.07249221117
1783 7311 2.07249221121362
1784 7313 2.07249221126991
1785 7315 2.07249221133671
1786 7317 2.07249221141186
1787 7319 2.07249221149319
1788 7321 2.07249221157853
1789 7323 2.07249221166572
1790 7325 2.07249221175258
1791 7327 2.07249221183695
1792 7329 2.07249221191666
1793 7331 2.07249221198955
1794 7333 2.0724922120535
1795 7335 2.07249221210773
1796 7337 2.07249221215275
1797 7339 2.07249221218914
1798 7341 2.0724922122175
1799 7343 2.07249221223839
1800 7345 2.0724922122524
1801 7347 2.07249221226011
1802 7349 2.0724922122621
1803 7351 2.07249221225896
1804 7353 2.07249221225125
1805 7355 2.07249221223956
1806 7357 2.07249221222448
1807 7359 2.07249221220658
1808 7361 2.07249221218644
1809 7363 2.07249221216465
1810 7365 2.07249221214178
1811 7367 2.07249221211842
1812 7369 2.07249221209515
1813 7371 2.07249221207254
1814 7373 2.07249221205118
1815 7375 2.07249221203165
1816 7377 2.07249221201452
1817 7379 2.07249221199999
1818 7381 2.07249221198792
1819 7383 2.07249221197817
1820 7385 2.07249221197057
1821 7387 2.07249221196497
1822 7389 2.07249221196122
1823 7391 2.07249221195915
1824 7393 2.07249221195862
1825 7395 2.07249221195946
1826 7397 2.07249221196153
1827 7399 2.07249221196466
1828 7401 2.0724922119687
1829 7403 2.0724922119735
1830 7405 2.07249221197889
1831 7407 2.07249221198473
1832 7409 2.07249221199086
1833 7411 2.07249221199712
1834 7413 2.07249221200336
1835 7415 2.07249221200941
1836 7417 2.07249221201514
1837 7419 2.07249221202037
1838 7421 2.07249221202496
1839 7423 2.07249221202885
1840 7425 2.07249221203209
1841 7427 2.0724922120347
1842 7429 2.07249221203674
1843 7431 2.07249221203824
1844 7433 2.07249221203924
1845 7435 2.0724922120398
1846 7437 2.07249221203994
1847 7439 2.07249221203971
1848 7441 2.07249221203916
1849 7443 2.07249221203832
1850 7445 2.07249221203724
1851 7447 2.07249221203595
1852 7449 2.07249221203451
1853 7451 2.07249221203294
1854 7453 2.0724922120313
1855 7455 2.07249221202962
1856 7457 2.07249221202795
1857 7459 2.07249221202633
1858 7461 2.07249221202479
1859 7463 2.07249221202339
1860 7465 2.07249221202216
1861 7467 2.07249221202112
1862 7469 2.07249221202025
1863 7471 2.07249221201955
1864 7473 2.07249221201901
1865 7475 2.0724922120186
1866 7477 2.07249221201834
1867 7479 2.07249221201819
1868 7481 2.07249221201815
1869 7483 2.07249221201821
1870 7485 2.07249221201836
1871 7487 2.07249221201858
1872 7489 2.07249221201887
1873 7491 2.07249221201922
1874 7493 2.0724922120196
1875 7495 2.07249221202002
1876 7497 2.07249221202046
1877 7499 2.07249221202091
1878 7501 2.07249221202136
1879 7503 2.0724922120218
1880 7505 2.07249221202221
1881 7507 2.07249221202258
1882 7509 2.07249221202291
1883 7511 2.07249221202319
1884 7513 2.07249221202342
1885 7515 2.07249221202361
1886 7517 2.07249221202376
1887 7519 2.07249221202387
1888 7521 2.07249221202394
1889 7523 2.07249221202398
1890 7525 2.07249221202399
1891 7527 2.07249221202397
1892 7529 2.07249221202393
1893 7531 2.07249221202387
1894 7533 2.07249221202379
1895 7535 2.0724922120237
1896 7537 2.0724922120236
1897 7539 2.07249221202349
1898 7541 2.07249221202337
1899 7543 2.07249221202325
1900 7545 2.07249221202313
1901 7547 2.07249221202301
1902 7549 2.0724922120229
1903 7551 2.0724922120228
1904 7553 2.07249221202271
1905 7555 2.07249221202264
1906 7557 2.07249221202257
1907 7559 2.07249221202252
1908 7561 2.07249221202248
1909 7563 2.07249221202245
1910 7565 2.07249221202243
1911 7567 2.07249221202242
1912 7569 2.07249221202242
1913 7571 2.07249221202242
1914 7573 2.07249221202243
1915 7575 2.07249221202245
1916 7577 2.07249221202247
1917 7579 2.07249221202249
1918 7581 2.07249221202252
1919 7583 2.07249221202255
1920 7585 2.07249221202258
1921 7587 2.07249221202262
1922 7589 2.07249221202265
1923 7591 2.07249221202268
1924 7593 2.07249221202271
1925 7595 2.07249221202274
1926 7597 2.07249221202277
1927 7599 2.07249221202279
1928 7601 2.07249221202281
1929 7603 2.07249221202282
1930 7605 2.07249221202284
1931 7607 2.07249221202285
1932 7609 2.07249221202285
1933 7611 2.07249221202286
1934 7613 2.07249221202286
1935 7615 2.07249221202286
1936 7617 2.07249221202286
1937 7619 2.07249221202286
1938 7621 2.07249221202285
1939 7623 2.07249221202285
1940 7625 2.07249221202284
1941 7627 2.07249221202283
1942 7629 2.07249221202282
1943 7631 2.07249221202281
1944 7633 2.0724922120228
1945 7635 2.07249221202279
1946 7637 2.07249221202277
1947 7639 2.07249221202276
1948 7641 2.07249221202275
1949 7643 2.07249221202273
1950 7645 2.07249221202272
1951 7647 2.07249221202271
1952 7649 2.0724922120227
1953 7651 2.07249221202269
1954 7653 2.07249221202268
1955 7655 2.07249221202267
1956 7657 2.07249221202266
1957 7659 2.07249221202266
1958 7661 2.07249221202265
1959 7663 2.07249221202265
1960 7665 2.07249221202265
1961 7667 2.07249221202265
1962 7669 2.07249221202265
1963 7671 2.07249221202265
1964 7673 2.07249221202266
1965 7675 2.07249221202267
1966 7677 2.07249221202268
1967 7679 2.0724922120227
1968 7681 2.07249221202272
1969 7683 2.07249221202274
