0 3400 61.0281786391201
1 3400.7 61.0281786391176
2 3401.4 61.0281786391141
3 3402.1 61.0281786391098
4 3402.8 61.0281786391046
5 3403.5 61.0281786390987
6 3404.2 61.028178639092
7 3404.9 61.0281786390848
8 3405.6 61.0281786390769
9 3406.3 61.0281786390686
10 3407 61.0281786390598
11 3407.7 61.0281786390507
12 3408.4 61.0281786390412
13 3409.1 61.0281786390316
14 3409.8 61.0281786390217
15 3410.5 61.0281786390118
16 3411.2 61.0281786390018
17 3411.9 61.0281786389919
18 3412.6 61.0281786389821
19 3413.3 61.0281786389724
20 3414 61.028178638963
21 3414.7 61.0281786389539
22 3415.4 61.0281786389451
23 3416.1 61.0281786389367
24 3416.8 61.0281786389289
25 3417.5 61.0281786389216
26 3418.2 61.028178638915
27 3418.9 61.0281786389091
28 3419.6 61.0281786389039
29 3420.3 61.0281786388995
30 3421 61.0281786388961
31 3421.7 61.0281786388936
32 3422.4 61.0281786388921
33 3423.1 61.0281786388918
34 3423.8 61.0281786388926
35 3424.5 61.0281786388946
36 3425.2 61.0281786388979
37 3425.9 61.0281786389026
38 3426.6 61.0281786389087
39 3427.3 61.0281786389163
40 3428 61.0281786389255
41 3428.7 61.0281786389363
42 3429.4 61.0281786389488
43 3430.1 61.028178638963
44 3430.8 61.0281786389791
45 3431.5 61.0281786389971
46 3432.2 61.028178639017
47 3432.9 61.0281786390388
48 3433.6 61.028178639062
49 3434.3 61.0281786390864
50 3435 61.0281786391117
51 3435.7 61.0281786391374
52 3436.4 61.0281786391633
53 3437.1 61.0281786391891
54 3437.8 61.0281786392143
55 3438.5 61.0281786392387
56 3439.2 61.0281786392619
57 3439.9 61.0281786392837
58 3440.6 61.0281786393036
59 3441.3 61.0281786393214
60 3442 61.0281786393367
61 3442.7 61.0281786393491
62 3443.4 61.0281786393584
63 3444.1 61.0281786393642
64 3444.8 61.0281786393662
65 3445.5 61.028178639364
66 3446.2 61.0281786393573
67 3446.9 61.0281786393458
68 3447.6 61.0281786393292
69 3448.3 61.0281786393071
70 3449 61.0281786392792
71 3449.7 61.0281786392451
72 3450.4 61.0281786392046
73 3451.1 61.0281786391572
74 3451.8 61.0281786391027
75 3452.5 61.0281786390407
76 3453.2 61.028178638971
77 3453.9 61.0281786388939
78 3454.6 61.0281786388108
79 3455.3 61.0281786387228
80 3456 61.0281786386313
81 3456.7 61.0281786385375
82 3457.4 61.0281786384426
83 3458.1 61.028178638348
84 3458.8 61.0281786382549
85 3459.5 61.0281786381646
86 3460.2 61.0281786380782
87 3460.9 61.0281786379972
88 3461.6 61.0281786379227
89 3462.3 61.028178637856
90 3463 61.0281786377984
91 3463.7 61.0281786377511
92 3464.4 61.0281786377154
93 3465.1 61.0281786376925
94 3465.8 61.0281786376838
95 3466.5 61.0281786376905
96 3467.2 61.0281786377138
97 3467.9 61.028178637755
98 3468.6 61.0281786378154
99 3469.3 61.0281786378962
100 3470 61.0281786379987
101 3470.7 61.0281786381242
102 3471.4 61.0281786382739
103 3472.1 61.0281786384491
104 3472.8 61.028178638651
105 3473.5 61.028178638881
106 3474.2 61.02817863914
107 3474.9 61.0281786394265
108 3475.6 61.0281786397359
109 3476.3 61.0281786400633
110 3477 61.0281786404041
111 3477.7 61.0281786407537
112 3478.4 61.0281786411071
113 3479.1 61.0281786414598
114 3479.8 61.028178641807
115 3480.5 61.028178642144
116 3481.2 61.0281786424661
117 3481.9 61.0281786427686
118 3482.6 61.0281786430467
119 3483.3 61.0281786432957
120 3484 61.0281786435109
121 3484.7 61.0281786436877
122 3485.4 61.0281786438212
123 3486.1 61.0281786439067
124 3486.8 61.0281786439396
125 3487.5 61.0281786439151
126 3488.2 61.0281786438286
127 3488.9 61.0281786436752
128 3489.6 61.0281786434502
129 3490.3 61.028178643149
130 3491 61.0281786427669
131 3491.7 61.028178642299
132 3492.4 61.0281786417408
133 3493.1 61.0281786410874
134 3493.8 61.0281786403342
135 3494.5 61.0281786394764
136 3495.2 61.0281786385098
137 3495.9 61.0281786374408
138 3496.6 61.0281786362867
139 3497.3 61.0281786350649
140 3498 61.0281786337931
141 3498.7 61.0281786324889
142 3499.4 61.0281786311699
143 3500.1 61.0281786298537
144 3500.8 61.028178628558
145 3501.5 61.0281786273003
146 3502.2 61.0281786260983
147 3502.9 61.0281786249695
148 3503.6 61.0281786239316
149 3504.3 61.0281786230022
150 3505 61.0281786221989
151 3505.7 61.0281786215393
152 3506.4 61.028178621041
153 3507.1 61.0281786207216
154 3507.8 61.0281786205987
155 3508.5 61.02817862069
156 3509.2 61.028178621013
157 3509.9 61.0281786215854
158 3510.6 61.0281786224247
159 3511.3 61.0281786235486
160 3512 61.0281786249747
161 3512.7 61.0281786267206
162 3513.4 61.0281786288039
163 3514.1 61.0281786312423
164 3514.8 61.0281786340532
165 3515.5 61.0281786372544
166 3516.2 61.0281786408617
167 3516.9 61.028178644851
168 3517.6 61.0281786491584
169 3518.3 61.0281786537182
170 3519 61.0281786584646
171 3519.7 61.0281786633319
172 3520.4 61.0281786682543
173 3521.1 61.0281786731663
174 3521.8 61.028178678002
175 3522.5 61.0281786826957
176 3523.2 61.0281786871817
177 3523.9 61.0281786913943
178 3524.6 61.0281786952678
179 3525.3 61.0281786987364
180 3526 61.0281787017345
181 3526.7 61.0281787041962
182 3527.4 61.028178706056
183 3528.1 61.028178707248
184 3528.8 61.0281787077066
185 3529.5 61.028178707366
186 3530.2 61.0281787061605
187 3530.9 61.0281787040243
188 3531.6 61.0281787008919
189 3532.3 61.0281786966974
190 3533 61.0281786913751
191 3533.7 61.0281786848594
192 3534.4 61.0281786770844
193 3535.1 61.0281786679845
194 3535.8 61.0281786574939
195 3536.5 61.028178645547
196 3537.2 61.0281786320844
197 3537.9 61.028178617196
198 3538.6 61.0281786011206
199 3539.3 61.0281785841034
200 3540 61.0281785663897
201 3540.7 61.0281785482247
202 3541.4 61.0281785298538
203 3542.1 61.0281785115222
204 3542.8 61.0281784934752
205 3543.5 61.028178475958
206 3544.2 61.0281784592159
207 3544.9 61.0281784434942
208 3545.6 61.0281784290382
209 3546.3 61.0281784160931
210 3547 61.0281784049042
211 3547.7 61.0281783957168
212 3548.4 61.0281783887761
213 3549.1 61.0281783843274
214 3549.8 61.028178382616
215 3550.5 61.0281783838872
216 3551.2 61.0281783883862
217 3551.9 61.0281783963582
218 3552.6 61.0281784080487
219 3553.3 61.0281784237028
220 3554 61.0281784435657
221 3554.7 61.0281784678829
222 3555.4 61.0281784968995
223 3556.1 61.0281785308608
224 3556.8 61.0281785700121
225 3557.5 61.0281786145987
226 3558.2 61.0281786648416
227 3558.9 61.0281787204058
228 3559.6 61.0281787804001
229 3560.3 61.0281788439092
230 3561 61.0281789100177
231 3561.7 61.0281789778102
232 3562.4 61.0281790463714
233 3563.1 61.0281791147859
234 3563.8 61.0281791821384
235 3564.5 61.0281792475134
236 3565.2 61.0281793099957
237 3565.9 61.0281793686698
238 3566.6 61.0281794226204
239 3567.3 61.0281794709322
240 3568 61.0281795126897
241 3568.7 61.0281795469777
242 3569.4 61.0281795728806
243 3570.1 61.0281795894833
244 3570.8 61.0281795958703
245 3571.5 61.0281795911263
246 3572.2 61.0281795743359
247 3572.9 61.0281795445837
248 3573.6 61.0281795009544
249 3574.3 61.0281794425326
250 3575 61.0281793684029
251 3575.7 61.02817927765
252 3576.4 61.0281791693586
253 3577.1 61.0281790426133
254 3577.8 61.0281788964986
255 3578.5 61.0281787300993
256 3579.2 61.0281785425902
257 3579.9 61.0281783352217
258 3580.6 61.0281781113198
259 3581.3 61.0281778743007
260 3582 61.0281776275804
261 3582.7 61.0281773745753
262 3583.4 61.0281771187014
263 3584.1 61.028176863375
264 3584.8 61.0281766120123
265 3585.5 61.0281763680293
266 3586.2 61.0281761348424
267 3586.9 61.0281759158676
268 3587.6 61.0281757145211
269 3588.3 61.0281755342192
270 3589 61.028175378378
271 3589.7 61.0281752504136
272 3590.4 61.0281751537424
273 3591.1 61.0281750917803
274 3591.8 61.0281750679437
275 3592.5 61.0281750856487
276 3593.2 61.0281751483114
277 3593.9 61.0281752593481
278 3594.6 61.0281754221749
279 3595.3 61.028175640208
280 3596 61.0281759168636
281 3596.7 61.0281762555579
282 3597.4 61.028176659707
283 3598.1 61.0281771327271
284 3598.8 61.0281776780345
285 3599.5 61.0281782990452
286 3600.2 61.0281789988386
287 3600.9 61.0281797727483
288 3601.6 61.0281806083615
289 3602.3 61.0281814929291
290 3603 61.0281824137015
291 3603.7 61.0281833579296
292 3604.4 61.0281843128638
293 3605.1 61.0281852657549
294 3605.8 61.0281862038535
295 3606.5 61.0281871144103
296 3607.2 61.0281879846759
297 3607.9 61.0281888019009
298 3608.6 61.0281895533361
299 3609.3 61.028190226232
300 3610 61.0281908078394
301 3610.7 61.0281912854088
302 3611.4 61.0281916461909
303 3612.1 61.0281918774364
304 3612.8 61.0281919663959
305 3613.5 61.0281919003201
306 3614.2 61.0281916664595
307 3614.9 61.028191252065
308 3615.6 61.028190644387
309 3616.3 61.0281898306763
310 3617 61.0281887981836
311 3617.7 61.0281875341593
312 3618.4 61.0281860258543
313 3619.1 61.0281842605192
314 3619.8 61.0281822254045
315 3620.5 61.0281799077611
316 3621.2 61.0281772960963
317 3621.9 61.0281744078261
318 3622.6 61.0281712892749
319 3623.3 61.028167988024
320 3624 61.0281645516544
321 3624.7 61.0281610277474
322 3625.4 61.0281574638844
323 3626.1 61.0281539076464
324 3626.8 61.0281504066147
325 3627.5 61.0281470083705
326 3628.2 61.0281437604951
327 3628.9 61.0281407105697
328 3629.6 61.0281379061755
329 3630.3 61.0281353948936
330 3631 61.0281332243055
331 3631.7 61.0281314419922
332 3632.4 61.0281300955349
333 3633.1 61.028129232515
334 3633.8 61.0281289005137
335 3634.5 61.0281291471121
336 3635.2 61.0281300198914
337 3635.9 61.028131566433
338 3636.6 61.028133834318
339 3637.3 61.0281368711276
340 3638 61.0281407244431
341 3638.7 61.0281454418458
342 3639.4 61.0281510709167
343 3640.1 61.0281576592371
344 3640.8 61.0281652543884
345 3641.5 61.0281739039516
346 3642.2 61.0281836508172
347 3642.9 61.0281944299882
348 3643.6 61.0282060685796
349 3644.3 61.0282183890161
350 3645 61.0282312137219
351 3645.7 61.0282443651216
352 3646.4 61.0282576656397
353 3647.1 61.0282709377006
354 3647.8 61.0282840037287
355 3648.5 61.0282966861486
356 3649.2 61.0283088073846
357 3649.9 61.0283201898613
358 3650.6 61.0283306560031
359 3651.3 61.0283400282344
360 3652 61.0283481289797
361 3652.7 61.0283547806635
362 3653.4 61.0283598057103
363 3654.1 61.0283630265444
364 3654.8 61.0283642655904
365 3655.5 61.0283633452727
366 3656.2 61.0283600880158
367 3656.9 61.028354316244
368 3657.6 61.028345852382
369 3658.3 61.0283345188541
370 3659 61.0283201380849
371 3659.7 61.0283025324986
372 3660.4 61.0282815245199
373 3661.1 61.0282569365732
374 3661.8 61.0282285910829
375 3662.5 61.0281963104735
376 3663.2 61.0281599346757
377 3663.9 61.0281197062621
378 3664.6 61.0280762704474
379 3665.3 61.0280302899528
380 3666 61.0279824274989
381 3666.7 61.027933345807
382 3667.4 61.0278837075978
383 3668.1 61.0278341755923
384 3668.8 61.0277854125114
385 3669.5 61.0277380810761
386 3670.2 61.0276928440074
387 3670.9 61.0276503640261
388 3671.6 61.0276113038533
389 3672.3 61.0275763262098
390 3673 61.0275460938166
391 3673.7 61.0275212693947
392 3674.4 61.0275025156649
393 3675.1 61.0274904953483
394 3675.8 61.0274858711657
395 3676.5 61.0274893058381
396 3677.2 61.0275014620865
397 3677.9 61.0275230026318
398 3678.6 61.0275545901949
399 3679.3 61.0275968874968
400 3680 61.0276505572584
401 3680.7 61.0277162622007
402 3681.4 61.0277946650446
403 3682.1 61.027886428511
404 3682.8 61.0279922153209
405 3683.5 61.0281126881952
406 3684.2 61.028248444521
407 3684.9 61.0283985790045
408 3685.6 61.0285606836716
409 3686.3 61.0287322852139
410 3687 61.0289109103232
411 3687.7 61.0290940856914
412 3688.4 61.0292793380102
413 3689.1 61.0294641939714
414 3689.8 61.0296461802667
415 3690.5 61.0298228235879
416 3691.2 61.0299916506268
417 3691.9 61.0301501880752
418 3692.6 61.0302959626248
419 3693.3 61.0304265009674
420 3694 61.0305393297949
421 3694.7 61.0306319757988
422 3695.4 61.0307019656711
423 3696.1 61.0307468261035
424 3696.8 61.0307640837878
425 3697.5 61.0307512654158
426 3698.2 61.0307058976792
427 3698.9 61.0306255072698
428 3699.6 61.0305076208793
429 3700.3 61.0303497651996
430 3701 61.0301494669225
431 3701.7 61.0299042527396
432 3702.4 61.0296116493428
433 3703.1 61.0292691834239
434 3703.8 61.0288743816745
435 3704.5 61.0284247707866
436 3705.2 61.0279181212814
437 3705.9 61.0273578117609
438 3706.6 61.0267528289073
439 3707.3 61.0261124032327
440 3708 61.025445765249
441 3708.7 61.0247621454682
442 3709.4 61.0240707744023
443 3710.1 61.0233808825632
444 3710.8 61.0227017004628
445 3711.5 61.0220424586132
446 3712.2 61.0214123875263
447 3712.9 61.0208207177141
448 3713.6 61.0202766796885
449 3714.3 61.0197895039615
450 3715 61.019368421045
451 3715.7 61.0190226614511
452 3716.4 61.0187614556916
453 3717.1 61.0185940342786
454 3717.8 61.018529627724
455 3718.5 61.0185774665397
456 3719.2 61.0187467812378
457 3719.9 61.0190468023302
458 3720.6 61.0194867603288
459 3721.3 61.0200758857457
460 3722 61.0208234090927
461 3722.7 61.0217385608819
462 3723.4 61.0228305716252
463 3724.1 61.0241086718346
464 3724.8 61.025582092022
465 3725.5 61.0272600626994
466 3726.2 61.0291509043943
467 3726.9 61.031242007993
468 3727.6 61.0334998347402
469 3728.3 61.0358899358963
470 3729 61.0383778627216
471 3729.7 61.0409291664766
472 3730.4 61.0435093984215
473 3731.1 61.0460841098169
474 3731.8 61.0486188519229
475 3732.5 61.0510791760001
476 3733.2 61.0534306333088
477 3733.9 61.0556387751094
478 3734.6 61.0576691526622
479 3735.3 61.0594873172277
480 3736 61.0610588200662
481 3736.7 61.062349212438
482 3737.4 61.0633240456035
483 3738.1 61.0639488708232
484 3738.8 61.0641892393574
485 3739.5 61.0640107024664
486 3740.2 61.0633788114107
487 3740.9 61.0622591174506
488 3741.6 61.0606171718465
489 3742.3 61.0584185258587
490 3743 61.0556287307477
491 3743.7 61.0522133377738
492 3744.4 61.0481378981974
493 3745.1 61.0433679632788
494 3745.8 61.0378690842785
495 3746.5 61.0316068124568
496 3747.2 61.0245500951822
497 3747.9 61.016745990308
498 3748.6 61.0083196661728
499 3749.3 60.9993996872231
500 3750 60.9901146179055
501 3750.7 60.9805930226665
502 3751.4 60.9709634659526
503 3752.1 60.9613545122104
504 3752.8 60.9518947258864
505 3753.5 60.9427126714272
506 3754.2 60.9339369132793
507 3754.9 60.9256960158892
508 3755.6 60.9181185437035
509 3756.3 60.9113330611687
510 3757 60.9054681327314
511 3757.7 60.9006523228381
512 3758.4 60.8970141959353
513 3759.1 60.8946823164697
514 3759.8 60.8937852488876
515 3760.5 60.8944515576357
516 3761.2 60.8968098071605
517 3761.9 60.9009885619085
518 3762.6 60.9071163863263
519 3763.3 60.9153218448605
520 3764 60.9257335019575
521 3764.7 60.9384799220639
522 3765.4 60.9536896696262
523 3766.1 60.971491309091
524 3766.8 60.9920134049049
525 3767.5 61.0153845215142
526 3768.2 61.041720548918
527 3768.9 61.070845864816
528 3769.6 61.1022933346097
529 3770.3 61.1355831492523
530 3771 61.1702354996975
531 3771.7 61.2057705768986
532 3772.4 61.2417085718092
533 3773.1 61.2775696753826
534 3773.8 61.3128740785725
535 3774.5 61.3471419723321
536 3775.2 61.379893547615
537 3775.9 61.4106489953748
538 3776.6 61.4389285065647
539 3777.3 61.4642522721384
540 3778 61.4861404830491
541 3778.7 61.5041133302506
542 3779.4 61.5176910046961
543 3780.1 61.5263936973391
544 3780.8 61.5297415991332
545 3781.5 61.5272549010318
546 3782.2 61.5184537939884
547 3782.9 61.5028584689563
548 3783.6 61.4799891168892
549 3784.3 61.4493659287404
550 3785 61.4105090954634
551 3785.7 61.3629388080117
552 3786.4 61.3061752573388
553 3787.1 61.2397386343981
554 3787.8 61.163149130143
555 3788.5 61.0759269355271
556 3789.2 60.9776144940867
557 3789.9 60.8682660587642
558 3790.6 60.7484476919083
559 3791.3 60.6187477084501
560 3792 60.4797544233213
561 3792.7 60.3320561514532
562 3793.4 60.1762412077771
563 3794.1 60.0128979072246
564 3794.8 59.842614564727
565 3795.5 59.6659794952158
566 3796.2 59.4835810136224
567 3796.9 59.2960074348781
568 3797.6 59.1038470739144
569 3798.3 58.9076882456626
570 3799 58.7081192650544
571 3799.7 58.505728447021
572 3800.4 58.3011041064936
573 3801.1 58.0948345584041
574 3801.8 57.8875081176834
575 3802.5 57.6797130992634
576 3803.2 57.4720378180753
577 3803.9 57.2650705890503
578 3804.6 57.0593997271201
579 3805.3 56.8556135472159
580 3806 56.6543003642694
581 3806.7 56.4560484932118
582 3807.4 56.2614462489744
583 3808.1 56.0710819464889
584 3808.8 55.8855439006865
585 3809.5 55.7054204264988
586 3810.2 55.531277132661
587 3810.9 55.3631573853997
588 3811.6 55.2005823084332
589 3812.3 55.0430503192832
590 3813 54.8900598354718
591 3813.7 54.7411092745209
592 3814.4 54.5956970539523
593 3815.1 54.4533215912881
594 3815.8 54.3134813040502
595 3816.5 54.1756746097606
596 3817.2 54.0393999259413
597 3817.9 53.9041556701141
598 3818.6 53.769440259801
599 3819.3 53.634752112524
600 3820 53.499589645805
601 3820.7 53.363451277166
602 3821.4 53.2258354241288
603 3822.1 53.0862405042156
604 3822.8 52.9441649349481
605 3823.5 52.7991071338485
606 3824.2 52.6505655184386
607 3824.9 52.4980385062402
608 3825.6 52.3410245147756
609 3826.3 52.1790219615664
610 3827 52.0115292641348
611 3827.7 51.8380448400027
612 3828.4 51.6580671066919
613 3829.1 51.4710944817246
614 3829.8 51.2766253826224
615 3830.5 51.0741582269077
616 3831.2 50.8632162723401
617 3831.9 50.6438941021542
618 3832.6 50.4168576250592
619 3833.3 50.1827975900018
620 3834 49.9424047459295
621 3834.7 49.6963698417891
622 3835.4 49.4453836265275
623 3836.1 49.1901368490921
624 3836.8 48.9313202584296
625 3837.5 48.6696246034874
626 3838.2 48.4057406332125
627 3838.9 48.1403590965516
628 3839.6 47.8741707424522
629 3840.3 47.607866319861
630 3841 47.3421365777253
631 3841.7 47.0776722649922
632 3842.4 46.8151641306084
633 3843.1 46.5553029235213
634 3843.8 46.2987793926777
635 3844.5 46.0462842870249
636 3845.2 45.7985083555099
637 3845.9 45.5561423470795
638 3846.6 45.3198770106811
639 3847.3 45.0904030952615
640 3848 44.868411349768
641 3848.7 44.6545925231475
642 3849.4 44.4496373643469
643 3850.1 44.2542366223135
644 3850.8 44.0690810459943
645 3851.5 43.8948613843363
646 3852.2 43.732242627682
647 3852.9 43.5812973184678
648 3853.6 43.4415055512241
649 3854.3 43.3123216618766
650 3855 43.1931999863514
651 3855.7 43.083594860574
652 3856.4 42.9829606204702
653 3857.1 42.8907516019661
654 3857.8 42.8064221409872
655 3858.5 42.7294265734594
656 3859.2 42.6592192353085
657 3859.9 42.5952544624603
658 3860.6 42.5369865908406
659 3861.3 42.4838699563752
660 3862 42.4353588949899
661 3862.7 42.3909077426105
662 3863.4 42.3499708351627
663 3864.1 42.3120025085725
664 3864.8 42.2764570987655
665 3865.5 42.2427889416677
666 3866.2 42.2104523732048
667 3866.9 42.1789017293025
668 3867.6 42.1475913458867
669 3868.3 42.1159755588832
670 3869 42.0835087042178
671 3869.7 42.0496451178162
672 3870.4 42.0138391356044
673 3871.1 41.975545093508
674 3871.8 41.9342173274529
675 3872.5 41.8893101733649
676 3873.2 41.8402913217566
677 3873.9 41.7869356186371
678 3874.6 41.7293250655121
679 3875.3 41.6675550184742
680 3876 41.6017208336157
681 3876.7 41.5319178670292
682 3877.4 41.4582414748072
683 3878.1 41.3807870130422
684 3878.8 41.2996498378266
685 3879.5 41.2149253052531
686 3880.2 41.1267087714139
687 3880.9 41.0350955924017
688 3881.6 40.9401811243089
689 3882.3 40.842060723228
690 3883 40.7408297452516
691 3883.7 40.6365835464721
692 3884.4 40.5294174829819
693 3885.1 40.4194269108737
694 3885.8 40.3067071862398
695 3886.5 40.1913536651728
696 3887.2 40.0734617037652
697 3887.9 39.9531266581094
698 3888.6 39.830443884298
699 3889.3 39.7055087384234
700 3890 39.5784165765781
701 3890.7 39.4492627548547
702 3891.4 39.3181426293456
703 3892.1 39.1851515561433
704 3892.8 39.0503848913402
705 3893.5 38.913937991029
706 3894.2 38.7759080358068
707 3894.9 38.6364341698786
708 3895.6 38.4956975010576
709 3896.3 38.3538809616614
710 3897 38.2111674840081
711 3897.7 38.0677400004151
712 3898.4 37.9237814432002
713 3899.1 37.7794747446814
714 3899.8 37.6350028371761
715 3900.5 37.4905486530024
716 3901.2 37.3462951244779
717 3901.9 37.2024251839203
718 3902.6 37.0591217636475
719 3903.3 36.916567795977
720 3904 36.7749462132269
721 3904.7 36.6344399477148
722 3905.4 36.4952319317583
723 3906.1 36.3575050976753
724 3906.8 36.2214423777836
725 3907.5 36.0872267044009
726 3908.2 35.955041009845
727 3908.9 35.8250682264335
728 3909.6 35.6974912864844
729 3910.3 35.5724931223152
730 3911 35.4502566662439
731 3911.7 35.3309648505881
732 3912.4 35.2148006076655
733 3913.1 35.1019468697941
734 3913.8 34.9925865692914
735 3914.5 34.8869026384753
736 3915.2 34.7850706789913
737 3915.9 34.687097687025
738 3916.6 34.5928220533019
739 3917.3 34.5020748378752
740 3918 34.4146871007985
741 3918.7 34.3304899021249
742 3919.4 34.2493143019076
743 3920.1 34.1709913602003
744 3920.8 34.095352137056
745 3921.5 34.0222276925282
746 3922.2 33.9514490866702
747 3922.9 33.8828473795352
748 3923.6 33.8162536311766
749 3924.3 33.7514989016478
750 3925 33.6884142510021
751 3925.7 33.6268307392927
752 3926.4 33.566579426573
753 3927.1 33.5074913728964
754 3927.8 33.4493976383161
755 3928.5 33.3921292828854
756 3929.2 33.3355173666579
757 3929.9 33.2793929496865
758 3930.6 33.2235870920249
759 3931.3 33.1679308537262
760 3932 33.1122552948438
761 3932.7 33.0563914754311
762 3933.4 33.0001704555412
763 3934.1 32.9434232952277
764 3934.8 32.8859810545437
765 3935.5 32.8276747935426
766 3936.2 32.7683394482272
767 3936.9 32.7078991014364
768 3937.6 32.6463669828455
769 3938.3 32.5837601980791
770 3939 32.520095852762
771 3939.7 32.4553910525188
772 3940.4 32.3896629029741
773 3941.1 32.3229285097527
774 3941.8 32.2552049784791
775 3942.5 32.1865094147781
776 3943.2 32.1168589242744
777 3943.9 32.0462706125924
778 3944.6 31.9747615853571
779 3945.3 31.902348948193
780 3946 31.8290498067248
781 3946.7 31.7548812665771
782 3947.4 31.6798604333746
783 3948.1 31.6040044127421
784 3948.8 31.527330310304
785 3949.5 31.4498552316852
786 3950.2 31.3715962825103
787 3950.9 31.2925705684039
788 3951.6 31.2127951949908
789 3952.3 31.1322872678955
790 3953 31.0510638927428
791 3953.7 30.9691421751573
792 3954.4 30.8865392207636
793 3955.1 30.8032721351866
794 3955.8 30.7193580240506
795 3956.5 30.6348139929807
796 3957.2 30.5496587791392
797 3957.9 30.4639486450612
798 3958.6 30.3777773786543
799 3959.3 30.2912403993639
800 3960 30.2044331266356
801 3960.7 30.1174509799147
802 3961.4 30.0303893786468
803 3962.1 29.9433437422773
804 3962.8 29.8564094902517
805 3963.5 29.7696820420154
806 3964.2 29.683256817014
807 3964.9 29.5972292346928
808 3965.6 29.5116947144975
809 3966.3 29.4267486758733
810 3967 29.3424865382658
811 3967.7 29.2590037211206
812 3968.4 29.1763956438828
813 3969.1 29.0947577259983
814 3969.8 29.0141853869122
815 3970.5 28.9347740460703
816 3971.2 28.8566191229178
817 3971.9 28.7798160369003
818 3972.6 28.7044602074632
819 3973.3 28.630647054052
820 3974 28.5584719961122
821 3974.7 28.4880304530893
822 3975.4 28.4194178444286
823 3976.1 28.3527295895757
824 3976.8 28.288061107976
825 3977.5 28.2255078190751
826 3978.2 28.1651615219266
827 3978.9 28.1070307465721
828 3979.6 28.0510407540418
829 3980.3 27.9971131849736
830 3981 27.9451696800058
831 3981.7 27.8951318797763
832 3982.4 27.8469214249232
833 3983.1 27.8004599560849
834 3983.8 27.7556691138991
835 3984.5 27.7124705390043
836 3985.2 27.6707858720383
837 3985.9 27.6305367536394
838 3986.6 27.5916448244456
839 3987.3 27.554031725095
840 3988 27.5176190962257
841 3988.7 27.482328578476
842 3989.4 27.4480818124837
843 3990.1 27.4148004388871
844 3990.8 27.3824060983243
845 3991.5 27.3508204314334
846 3992.2 27.3199650788524
847 3992.9 27.2897616812195
848 3993.6 27.2601318791728
849 3994.3 27.2309973133504
850 3995 27.2022796243904
851 3995.7 27.1739004529309
852 3996.4 27.14578143961
853 3997.1 27.1178442250658
854 3997.8 27.0900104499364
855 3998.5 27.06220175486
856 3999.2 27.0343412388655
857 3999.9 27.0063855439726
858 4000.6 26.9783248551919
859 4001.3 26.9501508159246
860 4002 26.9218550695721
861 4002.7 26.8934292595357
862 4003.4 26.8648650292168
863 4004.1 26.8361540220168
864 4004.8 26.8072878813368
865 4005.5 26.7782582505784
866 4006.2 26.7490567731429
867 4006.9 26.7196750924315
868 4007.6 26.6901048518457
869 4008.3 26.6603376947868
870 4009 26.6303652646561
871 4009.7 26.600179204855
872 4010.4 26.5697711587848
873 4011.1 26.5391327698468
874 4011.8 26.5082556814424
875 4012.5 26.4771315369731
876 4013.2 26.4457519798399
877 4013.9 26.4141086534445
878 4014.6 26.382193201188
879 4015.3 26.3499972664718
880 4016 26.3175124926973
881 4016.7 26.2847305232658
882 4017.4 26.2516430015786
883 4018.1 26.2182415710372
884 4018.8 26.1845178750428
885 4019.5 26.1504635569968
886 4020.2 26.1160710538731
887 4020.9 26.0813510548162
888 4021.6 26.0463325011408
889 4022.3 26.0110451277345
890 4023 25.9755186694845
891 4023.7 25.9397828612785
892 4024.4 25.9038674380038
893 4025.1 25.8678021345478
894 4025.8 25.831616685798
895 4026.5 25.7953408266418
896 4027.2 25.7590042919667
897 4027.9 25.7226368166601
898 4028.6 25.6862681356094
899 4029.3 25.6499279837021
900 4030 25.6136460958256
901 4030.7 25.5774522068674
902 4031.4 25.5413760517149
903 4032.1 25.5054473652555
904 4032.8 25.4696958823766
905 4033.5 25.4341513379658
906 4034.2 25.3988434669104
907 4034.9 25.3638020040979
908 4035.6 25.3290566844157
909 4036.3 25.2946372427513
910 4037 25.2605734139921
911 4037.7 25.2268949330255
912 4038.4 25.193631534739
913 4039.1 25.16081295402
914 4039.8 25.1284689257559
915 4040.5 25.0966291848342
916 4041.2 25.065322563231
917 4041.9 25.0345571259597
918 4042.6 25.0043201710713
919 4043.3 24.9745980937055
920 4044 24.9453772890018
921 4044.7 24.9166441520999
922 4045.4 24.8883850781394
923 4046.1 24.8605864622599
924 4046.8 24.833234699601
925 4047.5 24.8063161853022
926 4048.2 24.7798173145033
927 4048.9 24.7537244823437
928 4049.6 24.7280240839632
929 4050.3 24.7027025145012
930 4051 24.6777461690975
931 4051.7 24.6531414428916
932 4052.4 24.6288747310231
933 4053.1 24.6049324286317
934 4053.8 24.5813009308569
935 4054.5 24.5579666328384
936 4055.2 24.5349159297157
937 4055.9 24.5121352166284
938 4056.6 24.4896108887163
939 4057.3 24.4673293411187
940 4058 24.4452769689755
941 4058.7 24.4234401674262
942 4059.4 24.4018053316103
943 4060.1 24.3803588566675
944 4060.8 24.3590871377374
945 4061.5 24.3379765699596
946 4062.2 24.3170132814602
947 4062.9 24.2961772590539
948 4063.6 24.2754423482443
949 4064.3 24.2547821275213
950 4065 24.2341701753749
951 4065.7 24.2135800702951
952 4066.4 24.1929853907717
953 4067.1 24.1723597152949
954 4067.8 24.1516766223545
955 4068.5 24.1309096904405
956 4069.2 24.1100324980429
957 4069.9 24.0890186236516
958 4070.6 24.0678416457567
959 4071.3 24.046475142848
960 4072 24.0248926934155
961 4072.7 24.0030678759493
962 4073.4 23.9809742689392
963 4074.1 23.9585854508753
964 4074.8 23.9358750002475
965 4075.5 23.9128164955457
966 4076.2 23.88938351526
967 4076.9 23.8655496378802
968 4077.6 23.8412884418964
969 4078.3 23.8165735057986
970 4079 23.7913784080766
971 4079.7 23.7656767272205
972 4080.4 23.7394420417202
973 4081.1 23.7126479300657
974 4081.8 23.685267970747
975 4082.5 23.657275742254
976 4083.2 23.6286453523919
977 4083.9 23.5993630832177
978 4084.6 23.5694273910397
979 4085.3 23.5388372614817
980 4086 23.5075916801674
981 4086.7 23.4756896327205
982 4087.4 23.4431301047648
983 4088.1 23.409912081924
984 4088.8 23.3760345498217
985 4089.5 23.3414964940818
986 4090.2 23.306296900328
987 4090.9 23.2704347541839
988 4091.6 23.2339090412733
989 4092.3 23.19671874722
990 4093 23.1588628576476
991 4093.7 23.1203403581799
992 4094.4 23.0811502344406
993 4095.1 23.0412914720534
994 4095.8 23.0007630566421
995 4096.5 22.9595639738303
996 4097.2 22.9176932092419
997 4097.9 22.8751497485005
998 4098.6 22.8319325772298
999 4099.3 22.7880406810537
1000 4100 22.7434730455957
1001 4100.7 22.6982286564797
1002 4101.4 22.6523064993293
1003 4102.1 22.6057055597683
1004 4102.8 22.5584248234204
1005 4103.5 22.5104632759093
1006 4104.2 22.461821681762
1007 4104.9 22.4125417202791
1008 4105.6 22.3627059855347
1009 4106.3 22.3123988505066
1010 4107 22.2617046881721
1011 4107.7 22.2107078715087
1012 4108.4 22.1594927734939
1013 4109.1 22.1081437671051
1014 4109.8 22.05674522532
1015 4110.5 22.0053815211159
1016 4111.2 21.9541370274704
1017 4111.9 21.9030961173609
1018 4112.6 21.8523431637649
1019 4113.3 21.80196253966
1020 4114 21.7520386180236
1021 4114.7 21.7026557718332
1022 4115.4 21.6538983740663
1023 4116.1 21.6058507977003
1024 4116.8 21.5585974157128
1025 4117.5 21.5122226010813
1026 4118.2 21.4668107267832
1027 4118.9 21.422446165796
1028 4119.6 21.3792132910972
1029 4120.3 21.3371964756644
1030 4121 21.296480092475
1031 4121.7 21.2571485145064
1032 4122.4 21.2192861147362
1033 4123.1 21.1829772661418
1034 4123.8 21.1483063417008
1035 4124.5 21.1153577143906
1036 4125.2 21.0842122252956
1037 4125.9 21.0548694819558
1038 4126.6 21.0272478583674
1039 4127.3 21.0012621966333
1040 4128 20.9768273388564
1041 4128.7 20.9538581271395
1042 4129.4 20.9322694035856
1043 4130.1 20.9119760102975
1044 4130.8 20.8928927893782
1045 4131.5 20.8749345829305
1046 4132.2 20.8580162330572
1047 4132.9 20.8420525818614
1048 4133.6 20.8269584714458
1049 4134.3 20.8126487439134
1050 4135 20.7990382413671
1051 4135.7 20.7860418059097
1052 4136.4 20.7735742796441
1053 4137.1 20.7615505046732
1054 4137.8 20.7498853231
1055 4138.5 20.7384935770272
1056 4139.2 20.7272901085578
1057 4139.9 20.7161897597947
1058 4140.6 20.7051073728408
1059 4141.3 20.6939577897988
1060 4142 20.6826558527719
1061 4142.7 20.6711164038627
1062 4143.4 20.6592542851742
1063 4144.1 20.6469843388094
1064 4144.8 20.634221406871
1065 4145.5 20.620880331462
1066 4146.2 20.6068786155783
1067 4146.9 20.5921949627556
1068 4147.6 20.5768692770694
1069 4148.3 20.5609441234884
1070 4149 20.5444620669811
1071 4149.7 20.527465672516
1072 4150.4 20.5099975050617
1073 4151.1 20.4921001295868
1074 4151.8 20.4738161110599
1075 4152.5 20.4551880144494
1076 4153.2 20.4362584047241
1077 4153.9 20.4170698468524
1078 4154.6 20.3976649058029
1079 4155.3 20.3780861465442
1080 4156 20.3583761340448
1081 4156.7 20.3385774332734
1082 4157.4 20.3187326091984
1083 4158.1 20.2988842267884
1084 4158.8 20.2790748510121
1085 4159.5 20.259347046838
1086 4160.2 20.2397433792346
1087 4160.9 20.2203064131705
1088 4161.6 20.2010787136143
1089 4162.3 20.1821028455345
1090 4163 20.1634213738997
1091 4163.7 20.1450768636785
1092 4164.4 20.1271118798394
1093 4165.1 20.1095689873511
1094 4165.8 20.092490751182
1095 4166.5 20.0759197363007
1096 4167.2 20.05989686813
1097 4167.9 20.0444253625363
1098 4168.6 20.0294707258304
1099 4169.3 20.014996824777
1100 4170 20.0009675261407
1101 4170.7 19.9873466966863
1102 4171.4 19.9740982031784
1103 4172.1 19.9611859123818
1104 4172.8 19.9485736910612
1105 4173.5 19.9362254059813
1106 4174.2 19.9241049239068
1107 4174.9 19.9121761116023
1108 4175.6 19.9004028358326
1109 4176.3 19.8887489633625
1110 4177 19.8771783609565
1111 4177.7 19.8656548953795
1112 4178.4 19.8541424333961
1113 4179.1 19.842604841771
1114 4179.8 19.8310059872689
1115 4180.5 19.8193097366546
1116 4181.2 19.8074799566927
1117 4181.9 19.795480514148
1118 4182.6 19.7832752757851
1119 4183.3 19.7708281083687
1120 4184 19.7581028786636
1121 4184.7 19.7450634534345
1122 4185.4 19.7316736994461
1123 4186.1 19.717897483463
1124 4186.8 19.70369867225
1125 4187.5 19.6890411325718
1126 4188.2 19.6738902513828
1127 4188.9 19.6582463799995
1128 4189.6 19.642144834101
1129 4190.3 19.6256224495557
1130 4191 19.6087160622323
1131 4191.7 19.5914625079993
1132 4192.4 19.5738986227253
1133 4193.1 19.5560612422788
1134 4193.8 19.5379872025286
1135 4194.5 19.519713339343
1136 4195.2 19.5012764885907
1137 4195.9 19.4827134861403
1138 4196.6 19.4640611678603
1139 4197.3 19.4453563696193
1140 4198 19.4266359272859
1141 4198.7 19.4079366767286
1142 4199.4 19.3892954538161
1143 4200.1 19.3707490944169
1144 4200.8 19.3523344343995
1145 4201.5 19.3340883096326
1146 4202.2 19.3160475559847
1147 4202.9 19.2982490093244
1148 4203.6 19.2807295055202
1149 4204.3 19.2635258804408
1150 4205 19.2466749699547
1151 4205.7 19.2302136099305
1152 4206.4 19.2141786362368
1153 4207.1 19.198606884742
1154 4207.8 19.1835351913149
1155 4208.5 19.1690003918239
1156 4209.2 19.1550375495113
1157 4209.9 19.1416409572121
1158 4210.6 19.1287641373542
1159 4211.3 19.1163588397392
1160 4212 19.1043768141685
1161 4212.7 19.0927698104438
1162 4213.4 19.0814895783665
1163 4214.1 19.0704878677381
1164 4214.8 19.0597164283602
1165 4215.5 19.0491270100344
1166 4216.2 19.038671362562
1167 4216.9 19.0283012357448
1168 4217.6 19.0179683793841
1169 4218.3 19.0076245432815
1170 4219 18.9972214772386
1171 4219.7 18.9867109310569
1172 4220.4 18.9760446545379
1173 4221.1 18.9651743974831
1174 4221.8 18.954051909694
1175 4222.5 18.9426289409723
1176 4223.2 18.9308572411193
1177 4223.9 18.9186885599367
1178 4224.6 18.9060746472259
1179 4225.3 18.8929672527886
1180 4226 18.8793181264261
1181 4226.7 18.8650790179401
1182 4227.4 18.8502016771321
1183 4228.1 18.8346378538035
1184 4228.8 18.818339297756
1185 4229.5 18.801257758791
1186 4230.2 18.783346918723
1187 4230.9 18.7646048956632
1188 4231.6 18.7450742440195
1189 4232.3 18.7247994502128
1190 4233 18.703825000664
1191 4233.7 18.6821953817939
1192 4234.4 18.6599550800235
1193 4235.1 18.6371485817734
1194 4235.8 18.6138203734647
1195 4236.5 18.5900149415182
1196 4237.2 18.5657767723548
1197 4237.9 18.5411503523953
1198 4238.6 18.5161801680605
1199 4239.3 18.4909107057714
1200 4240 18.4653864519489
1201 4240.7 18.4396518930137
1202 4241.4 18.4137515153867
1203 4242.1 18.3877298054889
1204 4242.8 18.361631249741
1205 4243.5 18.335500334564
1206 4244.2 18.3093815463787
1207 4244.9 18.283319371606
1208 4245.6 18.2573582966666
1209 4246.3 18.2315428079816
1210 4247 18.2059173919718
1211 4247.7 18.180526535058
1212 4248.4 18.155414723661
1213 4249.1 18.1306264442018
1214 4249.8 18.1062061831013
1215 4250.5 18.0821984267802
1216 4251.2 18.0586463787149
1217 4251.9 18.0355637346536
1218 4252.6 18.0129346826173
1219 4253.3 17.9907421276821
1220 4254 17.9689689749241
1221 4254.7 17.9475981294194
1222 4255.4 17.9266124962441
1223 4256.1 17.9059949804742
1224 4256.8 17.8857284871861
1225 4257.5 17.8657959214556
1226 4258.2 17.8461801883591
1227 4258.9 17.8268641929725
1228 4259.6 17.8078308403719
1229 4260.3 17.7890630356336
1230 4261 17.7705436838336
1231 4261.7 17.752255690048
1232 4262.4 17.7341819593529
1233 4263.1 17.7163053968245
1234 4263.8 17.6986089075389
1235 4264.5 17.6810753965721
1236 4265.2 17.6636877690003
1237 4265.9 17.6464289298996
1238 4266.6 17.6292817843461
1239 4267.3 17.612229237416
1240 4268 17.5952541941853
1241 4268.7 17.5783395597301
1242 4269.4 17.5614682391266
1243 4270.1 17.5446231374508
1244 4270.8 17.527787159779
1245 4271.5 17.5109432111872
1246 4272.2 17.4940744793912
1247 4272.9 17.4771706528201
1248 4273.6 17.4602279206163
1249 4274.3 17.443242754562
1250 4275 17.4262116264392
1251 4275.7 17.40913100803
1252 4276.4 17.3919973711165
1253 4277.1 17.3748071874808
1254 4277.8 17.357556928905
1255 4278.5 17.3402430671713
1256 4279.2 17.3228620740617
1257 4279.9 17.3054104213582
1258 4280.6 17.2878845808431
1259 4281.3 17.2702810242984
1260 4282 17.2525962235062
1261 4282.7 17.2348266502487
1262 4283.4 17.2169687763078
1263 4284.1 17.1990190734657
1264 4284.8 17.1809740135046
1265 4285.5 17.1628300682064
1266 4286.2 17.1445837093534
1267 4286.9 17.1262314087275
1268 4287.6 17.107769638111
1269 4288.3 17.0891948692859
1270 4289 17.0705035740342
1271 4289.7 17.0516922241382
1272 4290.4 17.0327572913799
1273 4291.1 17.0136952475413
1274 4291.8 16.9945025644047
1275 4292.5 16.975175713752
1276 4293.2 16.9557117830716
1277 4293.9 16.936122021091
1278 4294.6 16.9164318377775
1279 4295.3 16.8966672588045
1280 4296 16.8768543098453
1281 4296.7 16.8570190165733
1282 4297.4 16.8371874046618
1283 4298.1 16.8173854997841
1284 4298.8 16.7976393276135
1285 4299.5 16.7779749138234
1286 4300.2 16.7584182840871
1287 4300.9 16.738995464078
1288 4301.6 16.7197324794693
1289 4302.3 16.7006553559344
1290 4303 16.6817901191467
1291 4303.7 16.6631627947795
1292 4304.4 16.6447994085061
1293 4305.1 16.6267259859998
1294 4305.8 16.608968552934
1295 4306.5 16.591553134982
1296 4307.2 16.5745057578172
1297 4307.9 16.5578524471129
1298 4308.6 16.5416192285423
1299 4309.3 16.5258321277789
1300 4310 16.510517170496
1301 4310.7 16.4957003823669
1302 4311.4 16.4814077890649
1303 4312.1 16.4676654162634
1304 4312.8 16.4544992896358
1305 4313.5 16.4419354348552
1306 4314.2 16.4299981969702
1307 4314.9 16.4186732666542
1308 4315.6 16.4079076802058
1309 4316.3 16.3976467932987
1310 4317 16.3878359616067
1311 4317.7 16.3784205408034
1312 4318.4 16.3693458865624
1313 4319.1 16.3605573545575
1314 4319.8 16.3520003004623
1315 4320.5 16.3436200799505
1316 4321.2 16.3353620486958
1317 4321.9 16.3271715623719
1318 4322.6 16.3189939766524
1319 4323.3 16.310774647211
1320 4324 16.3024589297214
1321 4324.7 16.2939921798572
1322 4325.4 16.2853197532922
1323 4326.1 16.2763870057001
1324 4326.8 16.2671392927544
1325 4327.5 16.2575219701289
1326 4328.2 16.2474803934973
1327 4328.9 16.2369599185332
1328 4329.6 16.2259059009103
1329 4330.3 16.2142636963023
1330 4331 16.2019786603828
1331 4331.7 16.1889961488256
1332 4332.4 16.1752615173044
1333 4333.1 16.1607201214927
1334 4333.8 16.1453173170643
1335 4334.5 16.1289984596928
1336 4335.2 16.1117112080276
1337 4335.9 16.0934561891578
1338 4336.6 16.074286998612
1339 4337.3 16.0542595348947
1340 4338 16.0334296965104
1341 4338.7 16.0118533819635
1342 4339.4 15.9895864897583
1343 4340.1 15.9666849183993
1344 4340.8 15.943204566391
1345 4341.5 15.9192013322377
1346 4342.2 15.8947311144438
1347 4342.9 15.8698498115138
1348 4343.6 15.8446133219521
1349 4344.3 15.8190775442632
1350 4345 15.7932983769514
1351 4345.7 15.7673317185211
1352 4346.4 15.7412334674769
1353 4347.1 15.715059522323
1354 4347.8 15.6888657815639
1355 4348.5 15.6627081437041
1356 4349.2 15.636642507248
1357 4349.9 15.6107247706999
1358 4350.6 15.5850108325643
1359 4351.3 15.5595565913457
1360 4352 15.5344179455484
1361 4352.7 15.5096507936769
1362 4353.4 15.4853110342356
1363 4354.1 15.4614545657288
1364 4354.8 15.4381372866611
1365 4355.5 15.4154150955368
1366 4356.2 15.3933423047746
1367 4356.9 15.3719367468201
1368 4357.6 15.3511797741458
1369 4358.3 15.3310511531384
1370 4359 15.3115306501848
1371 4359.7 15.2925980316717
1372 4360.4 15.2742330639859
1373 4361.1 15.2564155135141
1374 4361.8 15.2391251466431
1375 4362.5 15.2223417297596
1376 4363.2 15.2060450292504
1377 4363.9 15.1902148115023
1378 4364.6 15.1748308429021
1379 4365.3 15.1598728898364
1380 4366 15.1453207186921
1381 4366.7 15.1311540958559
1382 4367.4 15.1173527877145
1383 4368.1 15.1038965606548
1384 4368.8 15.0907651810635
1385 4369.5 15.0779384153274
1386 4370.2 15.0653960298332
1387 4370.9 15.0531177909677
1388 4371.6 15.0410834651176
1389 4372.3 15.0292728186697
1390 4373 15.0176656180108
1391 4373.7 15.0062416295276
1392 4374.4 14.9949806196069
1393 4375.1 14.9838623546355
1394 4375.8 14.972866601
1395 4376.5 14.9619731250874
1396 4377.2 14.9511619289897
1397 4377.9 14.9404184360229
1398 4378.6 14.929733490727
1399 4379.3 14.9190981733472
1400 4380 14.908503564129
1401 4380.7 14.8979407433175
1402 4381.4 14.8874007911581
1403 4382.1 14.876874787896
1404 4382.8 14.8663538137767
1405 4383.5 14.8558289490454
1406 4384.2 14.8452912739473
1407 4384.9 14.8347318687278
1408 4385.6 14.8241418136322
1409 4386.3 14.8135121889058
1410 4387 14.8028340747939
1411 4387.7 14.7920985515418
1412 4388.4 14.7812966993949
1413 4389.1 14.7704195985983
1414 4389.8 14.7594583293974
1415 4390.5 14.7484039720375
1416 4391.2 14.737247606764
1417 4391.9 14.725980313822
1418 4392.6 14.714593173457
1419 4393.3 14.7030772659141
1420 4394 14.6914236714388
1421 4394.7 14.6796234702764
1422 4395.4 14.667667742672
1423 4396.1 14.6555475688711
1424 4396.8 14.6432540291189
1425 4397.5 14.6307782036607
1426 4398.2 14.6181113903808
1427 4398.9 14.6052498928579
1428 4399.6 14.5921950203653
1429 4400.3 14.5789482998153
1430 4401 14.5655112581202
1431 4401.7 14.5518854221922
1432 4402.4 14.5380723189436
1433 4403.1 14.5240734752865
1434 4403.8 14.5098904181333
1435 4404.5 14.4955246743962
1436 4405.2 14.4809777709875
1437 4405.9 14.4662512348193
1438 4406.6 14.451346592804
1439 4407.3 14.4362653718538
1440 4408 14.421009098881
1441 4408.7 14.4055793007977
1442 4409.4 14.3899775045163
1443 4410.1 14.374205236949
1444 4410.8 14.3582640250081
1445 4411.5 14.3421553956057
1446 4412.2 14.3258808756542
1447 4412.9 14.3094419920657
1448 4413.6 14.2928402717526
1449 4414.3 14.2760772416271
1450 4415 14.2591544286015
1451 4415.7 14.2420733595879
1452 4416.4 14.2248355614986
1453 4417.1 14.207442561246
1454 4417.8 14.1898958857422
1455 4418.5 14.1721970618994
1456 4419.2 14.1543481087837
1457 4419.9 14.1363623649964
1458 4420.6 14.1182644886742
1459 4421.3 14.1000796301076
1460 4422 14.0818329395869
1461 4422.7 14.0635495674026
1462 4423.4 14.0452546638452
1463 4424.1 14.026973379205
1464 4424.8 14.0087308637725
1465 4425.5 13.9905522678381
1466 4426.2 13.9724627416923
1467 4426.9 13.9544874356255
1468 4427.6 13.9366514999281
1469 4428.3 13.9189800848906
1470 4429 13.9014983408034
1471 4429.7 13.8842314179568
1472 4430.4 13.8672044666415
1473 4431.1 13.8504426371477
1474 4431.8 13.8339710797659
1475 4432.5 13.8178149447866
1476 4433.2 13.8019993825001
1477 4433.9 13.786549543197
1478 4434.6 13.7714905771676
1479 4435.3 13.7568476347024
1480 4436 13.7426458660918
1481 4436.7 13.7289104216262
1482 4437.4 13.7156664515961
1483 4438.1 13.7029391062919
1484 4438.8 13.690753536004
1485 4439.5 13.6791348910229
1486 4440.2 13.6681068140027
1487 4440.9 13.6576582719625
1488 4441.6 13.6477435562867
1489 4442.3 13.6383154507232
1490 4443 13.62932673902
1491 4443.7 13.6207302049249
1492 4444.4 13.6124786321859
1493 4445.1 13.604524804551
1494 4445.8 13.5968215057681
1495 4446.5 13.5893215195853
1496 4447.2 13.5819776297503
1497 4447.9 13.5747426200112
1498 4448.6 13.567569274116
1499 4449.3 13.5604103758125
1500 4450 13.5532187088487
1501 4450.7 13.5459470569726
1502 4451.4 13.5385482039321
1503 4452.1 13.5309749334752
1504 4452.8 13.5231800293498
1505 4453.5 13.5151162753039
1506 4454.2 13.5067364550854
1507 4454.9 13.4979933524422
1508 4455.6 13.4888397511223
1509 4456.3 13.4792284348737
1510 4457 13.4691121874444
1511 4457.7 13.4584437925821
1512 4458.4 13.447176034035
1513 4459.1 13.4352616955509
1514 4459.8 13.4226535608779
1515 4460.5 13.4093044137638
1516 4461.2 13.3951690188739
1517 4461.9 13.3802477019714
1518 4462.6 13.3645863499178
1519 4463.3 13.3482328304915
1520 4464 13.3312350114713
1521 4464.7 13.3136407606357
1522 4465.4 13.2954979457632
1523 4466.1 13.2768544346326
1524 4466.8 13.2577580950224
1525 4467.5 13.2382567947113
1526 4468.2 13.2183984014778
1527 4468.9 13.1982307831005
1528 4469.6 13.1778018073581
1529 4470.3 13.1571593420292
1530 4471 13.1363512548923
1531 4471.7 13.1154254137261
1532 4472.4 13.0944296863092
1533 4473.1 13.0734119404201
1534 4473.8 13.0524200438376
1535 4474.5 13.0315018643402
1536 4475.2 13.0107052697065
1537 4475.9 12.9900781277151
1538 4476.6 12.9696683061446
1539 4477.3 12.9495236727737
1540 4478 12.9296920953809
1541 4478.7 12.9102214417448
1542 4479.4 12.8911595796441
1543 4480.1 12.8725543768574
1544 4480.8 12.8544537011632
1545 4481.5 12.8369054203402
1546 4482.2 12.8199559847336
1547 4482.9 12.8036192437203
1548 4483.6 12.787876445709
1549 4484.3 12.772707421675
1550 4485 12.7580920025936
1551 4485.7 12.7440100194401
1552 4486.4 12.7304413031898
1553 4487.1 12.7173656848178
1554 4487.8 12.7047629952997
1555 4488.5 12.6926130656106
1556 4489.2 12.6808957267257
1557 4489.9 12.6695908096205
1558 4490.6 12.6586781452702
1559 4491.3 12.64813756465
1560 4492 12.6379488987354
1561 4492.7 12.6280919785014
1562 4493.4 12.6185466349235
1563 4494.1 12.6092926989769
1564 4494.8 12.600310001637
1565 4495.5 12.5915783738789
1566 4496.2 12.583077646678
1567 4496.9 12.5747876510096
1568 4497.6 12.566688217849
1569 4498.3 12.5587591781714
1570 4499 12.5509803629521
1571 4499.7 12.5433316031665
1572 4500.4 12.5357927297898
1573 4501.1 12.5283435737972
1574 4501.8 12.5209639661642
1575 4502.5 12.5136337378659
1576 4503.2 12.5063331349344
1577 4503.9 12.4990519497059
1578 4504.6 12.4917895208206
1579 4505.3 12.4845456019758
1580 4506 12.4773199468685
1581 4506.7 12.4701123091958
1582 4507.4 12.4629224426548
1583 4508.1 12.4557501009425
1584 4508.8 12.4485950377561
1585 4509.5 12.4414570067927
1586 4510.2 12.4343357617492
1587 4510.9 12.4272310563229
1588 4511.6 12.4201426442107
1589 4512.3 12.4130702791099
1590 4513 12.4060137147174
1591 4513.7 12.3989727047304
1592 4514.4 12.3919470028459
1593 4515.1 12.384936362761
1594 4515.8 12.3779405381729
1595 4516.5 12.3709592827786
1596 4517.2 12.3639923502751
1597 4517.9 12.3570394943597
1598 4518.6 12.3501004687293
1599 4519.3 12.343175027081
1600 4520 12.336262923112
1601 4520.7 12.3293639105193
1602 4521.4 12.322477743
1603 4522.1 12.3156041742512
1604 4522.8 12.3087429579699
1605 4523.5 12.3018938478534
1606 4524.2 12.2950563001464
1607 4524.9 12.2882229296934
1608 4525.6 12.2813795099384
1609 4526.3 12.2745115168733
1610 4527 12.2676044264899
1611 4527.7 12.26064371478
1612 4528.4 12.2536148577354
1613 4529.1 12.2465033313479
1614 4529.8 12.2392946116094
1615 4530.5 12.2319741745117
1616 4531.2 12.2245274960466
1617 4531.9 12.2169400522059
1618 4532.6 12.2091973189815
1619 4533.3 12.2012847723652
1620 4534 12.1931878883487
1621 4534.7 12.184892142924
1622 4535.4 12.1763830120828
1623 4536.1 12.167645971817
1624 4536.8 12.1586664981184
1625 4537.5 12.1494300669788
1626 4538.2 12.13992215439
1627 4538.9 12.1301282363439
1628 4539.6 12.1200337888323
1629 4540.3 12.1096242878469
1630 4541 12.0988852093797
1631 4541.7 12.0878020294225
1632 4542.4 12.076360223967
1633 4543.1 12.064545269005
1634 4543.8 12.0523426405286
1635 4544.5 12.0397378145293
1636 4545.2 12.0267174176267
1637 4545.9 12.0132945408759
1638 4546.6 11.9995087397673
1639 4547.3 11.9854007204191
1640 4548 11.9710111889495
1641 4548.7 11.9563808514768
1642 4549.4 11.941550414119
1643 4550.1 11.9265605829945
1644 4550.8 11.9114520642213
1645 4551.5 11.8962655639177
1646 4552.2 11.8810417882018
1647 4552.9 11.8658214431918
1648 4553.6 11.850645235006
1649 4554.3 11.8355538697624
1650 4555 11.8205880535794
1651 4555.7 11.805788492575
1652 4556.4 11.7911958928676
1653 4557.1 11.7768509605751
1654 4557.8 11.7627944018159
1655 4558.5 11.7490669227081
1656 4559.2 11.73570922937
1657 4559.9 11.7227620279196
1658 4560.6 11.7102660244752
1659 4561.3 11.698261925155
1660 4562 11.6867904360772
1661 4562.7 11.6758922633599
1662 4563.4 11.6656081131214
1663 4564.1 11.6559786914797
1664 4564.8 11.6470447045532
1665 4565.5 11.63884685846
1666 4566.2 11.6314240345829
1667 4566.9 11.6247731453918
1668 4567.6 11.6188491344437
1669 4568.3 11.6136051205602
1670 4569 11.6089942225629
1671 4569.7 11.6049695592734
1672 4570.4 11.6014842495132
1673 4571.1 11.5984914121041
1674 4571.8 11.5959441658675
1675 4572.5 11.5937956296252
1676 4573.2 11.5919989221987
1677 4573.9 11.5905071624096
1678 4574.6 11.5892734690794
1679 4575.3 11.5882509610299
1680 4576 11.5873927570827
1681 4576.7 11.5866519760592
1682 4577.4 11.5859817367812
1683 4578.1 11.5853351580702
1684 4578.8 11.5846653587478
1685 4579.5 11.5839254576356
1686 4580.2 11.5830685735553
1687 4580.9 11.5820478253285
1688 4581.6 11.5808163317767
1689 4582.3 11.5793272117215
1690 4583 11.5775335839845
1691 4583.7 11.5753885673875
1692 4584.4 11.5728452807519
1693 4585.1 11.5698568428993
1694 4585.8 11.5663763726514
1695 4586.5 11.5623569888298
1696 4587.2 11.5577535250304
1697 4587.9 11.5525602546599
1698 4588.6 11.5468108909355
1699 4589.3 11.540540861849
1700 4590 11.5337855953921
1701 4590.7 11.5265805195563
1702 4591.4 11.5189610623333
1703 4592.1 11.5109626517149
1704 4592.8 11.5026207156926
1705 4593.5 11.4939706822582
1706 4594.2 11.4850479794034
1707 4594.9 11.4758880351197
1708 4595.6 11.4665262773989
1709 4596.3 11.4569981342326
1710 4597 11.4473390336126
1711 4597.7 11.4375844035304
1712 4598.4 11.4277696719777
1713 4599.1 11.4179302669462
1714 4599.8 11.4081016164277
1715 4600.5 11.3983191484136
1716 4601.2 11.3886182908958
1717 4601.9 11.3790344718659
1718 4602.6 11.3696031193155
1719 4603.3 11.3603596612364
1720 4604 11.3513395256201
1721 4604.7 11.3425781404584
1722 4605.4 11.3341109337429
1723 4606.1 11.3259733334653
1724 4606.8 11.3182007676173
1725 4607.5 11.3108286641906
1726 4608.2 11.3038911211985
1727 4608.9 11.2973916471566
1728 4609.6 11.2913031610821
1729 4610.3 11.2855972520142
1730 4611 11.2802455089919
1731 4611.7 11.2752195210545
1732 4612.4 11.2704908772411
1733 4613.1 11.2660311665906
1734 4613.8 11.2618119781424
1735 4614.5 11.2578049009356
1736 4615.2 11.2539815240091
1737 4615.9 11.2503134364023
1738 4616.6 11.2467722271542
1739 4617.3 11.2433294853039
1740 4618 11.2399567998906
1741 4618.7 11.2366257599533
1742 4619.4 11.2333079545314
1743 4620.1 11.2299749726637
1744 4620.8 11.2265984033895
1745 4621.5 11.223149835748
1746 4622.2 11.2196008587782
1747 4622.9 11.2159230615192
1748 4623.6 11.2120880330103
1749 4624.3 11.2080673622904
1750 4625 11.2038326383988
1751 4625.7 11.1993554503746
1752 4626.4 11.1946073872569
1753 4627.1 11.1895600380848
1754 4627.8 11.1841849918975
1755 4628.5 11.1784538377341
1756 4629.2 11.172339106117
1757 4629.9 11.1658349816852
1758 4630.6 11.1589573031943
1759 4631.3 11.151722850883
1760 4632 11.1441484049901
1761 4632.7 11.1362507457545
1762 4633.4 11.128046653415
1763 4634.1 11.1195529082104
1764 4634.8 11.1107862903795
1765 4635.5 11.1017635801611
1766 4636.2 11.0925015577942
1767 4636.9 11.0830170035174
1768 4637.6 11.0733266975696
1769 4638.3 11.0634474201897
1770 4639 11.0533959516164
1771 4639.7 11.0431890720886
1772 4640.4 11.032843561845
1773 4641.1 11.0223762011246
1774 4641.8 11.011803770166
1775 4642.5 11.0011430492083
1776 4643.2 10.9904108184901
1777 4643.9 10.9796238582502
1778 4644.6 10.9687989487276
1779 4645.3 10.957952870161
1780 4646 10.9471024027892
1781 4646.7 10.9362643268512
1782 4647.4 10.9254554225855
1783 4648.1 10.9146924702312
1784 4648.8 10.903992250027
1785 4649.5 10.8933715422118
1786 4650.2 10.8828468949149
1787 4650.9 10.8724295177495
1788 4651.6 10.8621252818124
1789 4652.3 10.8519398260912
1790 4653 10.8418787895732
1791 4653.7 10.8319478112459
1792 4654.4 10.8221525300968
1793 4655.1 10.8124985851133
1794 4655.8 10.8029916152829
1795 4656.5 10.793637259593
1796 4657.2 10.7844411570312
1797 4657.9 10.7754089465847
1798 4658.6 10.7665462672412
1799 4659.3 10.757858757988
1800 4660 10.7493520578126
1801 4660.7 10.7410318057025
1802 4661.4 10.732903640645
1803 4662.1 10.7249732016278
1804 4662.8 10.7172461276382
1805 4663.5 10.7097280576636
1806 4664.2 10.7024246306916
1807 4664.9 10.6953414857096
1808 4665.6 10.688484261705
1809 4666.3 10.6818585976653
1810 4667 10.675470132578
1811 4667.7 10.6693245054304
1812 4668.4 10.6634273552101
1813 4669.1 10.6577843209046
1814 4669.8 10.6524010415012
1815 4670.5 10.6472831559874
1816 4671.2 10.6424357152676
1817 4671.9 10.6378502443355
1818 4672.6 10.6335047422742
1819 4673.3 10.6293766200835
1820 4674 10.6254432887633
1821 4674.7 10.6216821593137
1822 4675.4 10.6180706427346
1823 4676.1 10.6145861500259
1824 4676.8 10.6112060921875
1825 4677.5 10.6079078802194
1826 4678.2 10.6046689251215
1827 4678.9 10.6014666378938
1828 4679.6 10.5982784295362
1829 4680.3 10.5950817110486
1830 4681 10.591853893431
1831 4681.7 10.5885723876833
1832 4682.4 10.5852146048055
1833 4683.1 10.5817579557974
1834 4683.8 10.5781798516591
1835 4684.5 10.5744577033905
1836 4685.2 10.5705689219915
1837 4685.9 10.566490918462
1838 4686.6 10.562201103802
1839 4687.3 10.5576768890114
1840 4688 10.5528956850902
1841 4688.7 10.5478349030383
1842 4689.4 10.5424719538556
1843 4690.1 10.5367842485421
1844 4690.8 10.5307491980978
1845 4691.5 10.5243442135225
1846 4692.2 10.5175477000417
1847 4692.9 10.5103609300683
1848 4693.6 10.5028080432024
1849 4694.3 10.4949141732697
1850 4695 10.4867044540959
1851 4695.7 10.4782040195067
1852 4696.4 10.4694380033279
1853 4697.1 10.460431539385
1854 4697.8 10.4512097615039
1855 4698.5 10.4417978035102
1856 4699.2 10.4322207992296
1857 4699.9 10.4225038824878
1858 4700.6 10.4126721871106
1859 4701.3 10.4027508469235
1860 4702 10.3927649957524
1861 4702.7 10.3827397674228
1862 4703.4 10.3727002957606
1863 4704.1 10.3626717145914
1864 4704.8 10.3526791577409
1865 4705.5 10.3427477590348
1866 4706.2 10.3329026522988
1867 4706.9 10.3231689713586
1868 4707.6 10.31357185004
1869 4708.3 10.3041364221685
1870 4709 10.29488782157
1871 4709.7 10.2858511820701
1872 4710.4 10.2770516374944
1873 4711.1 10.2685143216688
1874 4711.8 10.2602643684189
1875 4712.5 10.2523269115704
1876 4713.2 10.2447261510343
1877 4713.9 10.2374648066832
1878 4714.6 10.2305241183513
1879 4715.3 10.2238843919581
1880 4716 10.217525933423
1881 4716.7 10.2114290486657
1882 4717.4 10.2055740436055
1883 4718.1 10.1999412241619
1884 4718.8 10.1945108962546
1885 4719.5 10.1892633658028
1886 4720.2 10.1841789387262
1887 4720.9 10.1792379209443
1888 4721.6 10.1744206183764
1889 4722.3 10.1697073369422
1890 4723 10.1650783825611
1891 4723.7 10.1605140611526
1892 4724.4 10.1559946786362
1893 4725.1 10.1515005409313
1894 4725.8 10.1470119539576
1895 4726.5 10.1425092236344
1896 4727.2 10.1379726558813
1897 4727.9 10.1333825566178
1898 4728.6 10.1287192317633
1899 4729.3 10.1239629872373
1900 4730 10.1190941289594
1901 4730.7 10.114092962849
1902 4731.4 10.1089397948257
1903 4732.1 10.1036149308088
1904 4732.8 10.098098676718
1905 4733.5 10.0923713384727
1906 4734.2 10.0864137993866
1907 4734.9 10.0802202228407
1908 4735.6 10.0737980522833
1909 4736.3 10.0671553085569
1910 4737 10.0603000125041
1911 4737.7 10.0532401849673
1912 4738.4 10.045983846789
1913 4739.1 10.0385390188118
1914 4739.8 10.0309137218781
1915 4740.5 10.0231159768305
1916 4741.2 10.0151538045114
1917 4741.9 10.0070352257635
1918 4742.6 9.9987682614291
1919 4743.3 9.99036093235084
1920 4744 9.98182125937118
1921 4744.7 9.97315726333263
1922 4745.4 9.96437696507771
1923 4746.1 9.95548838544892
1924 4746.8 9.94649954528877
1925 4747.5 9.93741846543978
1926 4748.2 9.92825316674444
1927 4748.9 9.91901167004528
1928 4749.6 9.90970199618478
1929 4750.3 9.90033216600547
1930 4751 9.89091020034986
1931 4751.7 9.88144412006045
1932 4752.4 9.87194194597975
1933 4753.1 9.86241169895026
1934 4753.8 9.85286139981451
1935 4754.5 9.843299069415
1936 4755.2 9.83373272859424
1937 4755.9 9.82417039819472
1938 4756.6 9.81462009905896
1939 4757.3 9.80508985202949
1940 4758 9.79558767794878
1941 4758.7 9.78612159765938
1942 4759.4 9.77669963200377
1943 4760.1 9.76732980182445
1944 4760.8 9.75802012796396
1945 4761.5 9.74877863126479
1946 4762.2 9.73961333256946
1947 4762.9 9.73053225272047
1948 4763.6 9.72154341256031
1949 4764.3 9.71265483293152
1950 4765 9.7038745346766
1951 4765.7 9.69521053863806
1952 4766.4 9.6866708656584
1953 4767.1 9.67826353658012
1954 4767.8 9.66999657224576
1955 4768.5 9.6618779934978
1956 4769.2 9.65391582117876
1957 4769.9 9.64611807613115
1958 4770.6 9.63849277919747
1959 4771.3 9.63104795122024
1960 4772 9.62379161304196
1961 4772.7 9.61673178550515
1962 4773.4 9.6098764894523
1963 4774.1 9.60323374572593
1964 4774.8 9.59681157516855
1965 4775.5 9.59061799862267
1966 4776.2 9.58466103693079
1967 4776.9 9.57894871093543
1968 4777.6 9.57348904147908
1969 4778.3 9.56829004940427
1970 4779 9.5633597555535
1971 4779.7 9.55870618076928
1972 4780.4 9.55433734589412
1973 4781.1 9.55026127177051
1974 4781.8 9.54648597924099
1975 4782.5 9.54301948914805
1976 4783.2 9.53986982233419
1977 4783.9 9.53704499964194
1978 4784.6 9.5345530419138
1979 4785.3 9.53240196999228
