1 7000.31998537  0.0 
1 7000.41998537  0.0 
1 7000.51998537  0.0 
1 7000.61998537  0.0 
1 7000.71998537  0.0 
1 7000.81998537  0.0 
1 7000.91998537  0.0 
1 7001.01998537  0.0 
1 7001.11998537  0.0 
1 7001.21998537  0.0 
1 7001.31998537  0.0 
1 7001.41998537  0.0 
1 7001.51998537  0.0 
1 7001.61998537  0.0 
1 7001.71998537  0.0 
1 7001.81998537  0.0 
1 7001.91998537  0.0 
1 7002.01998537  0.0 
1 7002.11998537  0.0 
1 7002.21998537  0.0 
1 7002.31998537  0.0 
1 7002.41998537  0.0 
1 7002.51998537  0.0 
1 7002.61998537  0.0 
1 7002.71998537  0.0 
1 7002.81998537  0.0 
1 7002.91998537  0.0 
1 7003.01998537  0.0 
1 7003.11998537  0.0 
1 7003.21998537  0.0 
1 7003.31998537  0.0 
1 7003.41998537  0.0 
1 7003.51998537  0.0 
1 7003.61998537  7.84060702916e-316 
1 7003.71998537  7.29093110822e-304 
1 7003.81998537  3.06897463588e-292 
1 7003.91998537  5.93806379248e-281 
1 7004.01998537  5.36212319984e-270 
1 7004.11998537  2.29405093691e-259 
1 7004.21998537  4.71967931167e-249 
1 7004.31998537  4.73880427349e-239 
1 7004.41998537  2.35619069577e-229 
1 7004.51998537  5.88587290041e-220 
1 7004.61998537  7.49339022766e-211 
1 7004.71998537  4.93123786016e-202 
1 7004.81998537  1.70106788651e-193 
1 7004.91998537  3.11880519983e-185 
1 7005.01998537  3.08108326543e-177 
1 7005.11998537  1.66245435797e-169 
1 7005.21998537  4.96528887703e-162 
1 7005.31998537  8.31840467921e-155 
1 7005.41998537  7.91996747619e-148 
1 7005.51998537  4.34126736373e-141 
1 7005.61998537  1.38763823375e-134 
1 7005.71998537  2.61935422582e-128 
1 7005.81998537  2.95663001412e-122 
1 7005.91998537  2.02043961406e-116 
1 7006.01998537  8.4613010144e-111 
1 7006.11998537  2.19786938468e-105 
1 7006.21998537  3.58348853534e-100 
1 7006.31998537  3.71065316968e-95 
1 7006.41998537  2.46871277973e-90 
1 7006.51998537  1.06742442263e-85 
1 7006.61998537  3.03357990537e-81 
1 7006.71998537  5.73014613343e-77 
1 7006.81998537  7.2734923963e-73 
1 7006.91998537  6.27187286516e-69 
1 7007.01998537  3.71341304123e-65 
1 7007.11998537  1.52563509283e-61 
1 7007.21998537  4.39484923957e-58 
1 7007.31998537  8.96814353001e-55 
1 7007.41998537  1.30951533321e-51 
1 7007.51998537  1.38193355747e-48 
1 7007.61998537  1.0643542511e-45 
1 7007.71998537  6.04082808396e-43 
1 7007.81998537  2.55059574116e-40 
1 7007.91998537  8.08686423711e-38 
1 7008.01998537  1.94314580632e-35 
1 7008.11998537  3.5706357228e-33 
1 7008.21998537  5.06248418001e-31 
1 7008.31998537  5.58673028131e-29 
1 7008.41998537  4.84016752432e-27 
1 7008.51998537  3.32000984285e-25 
1 7008.61998537  1.81801357053e-23 
1 7008.71998537  8.01255419011e-22 
1 7008.81998537  2.86505617999e-20 
1 7008.91998537  8.37704133145e-19 
1 7009.01998537  2.01829866499e-17 
1 7009.11998537  4.03732980521e-16 
1 7009.21998537  6.75505143721e-15 
1 7009.31998537  9.52215405192e-14 
1 7009.41998537  1.13892515641e-12 
1 7009.51998537  1.16392445229e-11 
1 7009.61998537  1.02323423753e-10 
1 7009.71998537  7.78990022864e-10 
1 7009.81998537  5.16911317177e-09 
1 7009.91998537  3.00872924311e-08 
1 7010.01998537  1.54569413376e-07 
1 7010.11998537  7.05119483354e-07 
1 7010.21998537  2.87316621789e-06 
1 7010.31998537  1.05175043299e-05 
1 7010.41998537  3.4781511101e-05 
1 7010.51998537  0.000104479896729 
1 7010.61998537  0.000286592726135 
1 7010.71998537  0.000721572856058 
1 7010.81998537  0.00167589620429 
1 7010.91998537  0.00360802982521 
1 7011.01998537  0.00723416174163 
1 7011.11998537  0.0135698573439 
1 7011.21998537  0.0239188367878 
1 7011.31998537  0.0397856194277 
1 7011.41998537  0.0627064093878 
1 7011.51998537  0.0940179516299 
1 7011.61998537  0.134607988851 
1 7011.71998537  0.184703488595 
1 7011.81998537  0.243748213737 
1 7011.91998537  0.310400627511 
1 7012.01998537  0.382653883387 
1 7012.11998537  0.458051681461 
1 7012.21998537  0.533955362345 
1 7012.31998537  0.607812580552 
1 7012.41998537  0.67738516794 
1 7012.51998537  0.74090889105 
1 7012.61998537  0.797175183331 
1 7012.71998537  0.845539977286 
1 7012.81998537  0.885874825687 
1 7012.91998537  0.918479983818 
1 7013.01998537  0.943978912082 
1 7013.11998537  0.96321035662 
1 7013.21998537  0.977129442971 
1 7013.31998537  0.986724398645 
1 7013.41998537  0.99295143494 
1 7013.51998537  0.996687334574 
1 7013.61998537  0.998697438394 
1 7013.71998537  0.999615833527 
1 7013.81998537  0.999934370824 
1 7013.91998537  0.99999743813 
1 7014.01998537  0.999999990029 
1 7014.11998537  0.999987046402 
1 7014.21998537  0.999853639647 
1 7014.31998537  0.999344974446 
1 7014.41998537  0.998057350314 
1 7014.51998537  0.995441177299 
1 7014.61998537  0.990808167092 
1 7014.71998537  0.98334545125 
1 7014.81998537  0.972139862199 
1 7014.91998537  0.956215749083 
1 7015.01998537  0.934589270321 
1 7015.11998537  0.906340856553 
1 7015.21998537  0.870705244691 
1 7015.31998537  0.82717504043 
1 7015.41998537  0.775609319966 
1 7015.51998537  0.716333872998 
1 7015.61998537  0.650215350478 
1 7015.71998537  0.578689304811 
1 7015.81998537  0.503723605047 
1 7015.91998537  0.427705383501 
1 7016.01998537  0.353251903761 
1 7016.11998537  0.282962155518 
1 7016.21998537  0.219143086521 
1 7016.31998537  0.16355700494 
1 7016.41998537  0.117239435011 
1 7016.51998537  0.0804262037882 
1 7016.61998537  0.0526055610678 
1 7016.71998537  0.032681485006 
1 7016.81998537  0.0192074010958 
1 7016.91998537  0.0106347587724 
1 7017.01998537  0.00552343524733 
1 7017.11998537  0.00267903695541 
1 7017.21998537  0.00120791406693 
1 7017.31998537  0.000503867341053 
1 7017.41998537  0.000193503583486 
1 7017.51998537  6.80705244765e-05 
1 7017.61998537  2.18205639476e-05 
1 7017.71998537  6.33992318812e-06 
1 7017.81998537  1.6604369599e-06 
1 7017.91998537  3.89785098355e-07 
1 7018.01998537  8.15401387762e-08 
1 7018.11998537  1.51103603331e-08 
1 7018.21998537  2.46538073342e-09 
1 7018.31998537  3.51951219218e-10 
1 7018.41998537  4.36806008052e-11 
1 7018.51998537  4.68226074132e-12 
1 7018.61998537  4.30597509041e-13 
1 7018.71998537  3.37411033176e-14 
1 7018.81998537  2.23705504745e-15 
1 7018.91998537  1.24599505699e-16 
1 7019.01998537  5.78769602425e-18 
1 7019.11998537  2.22539545734e-19 
1 7019.21998537  7.02939536438e-21 
1 7019.31998537  1.80996463665e-22 
1 7019.41998537  3.76903756372e-24 
1 7019.51998537  6.29652405212e-26 
1 7019.61998537  8.36985463696e-28 
1 7019.71998537  8.77916257284e-30 
1 7019.81998537  7.20464737224e-32 
1 7019.91998537  4.58604191966e-34 
1 7020.01998537  2.24442454996e-36 
1 7020.11998537  8.36998351532e-39 
1 7020.21998537  2.3569075903e-41 
1 7020.31998537  4.96523126839e-44 
1 7020.41998537  7.7523050296e-47 
1 7020.51998537  8.88519561021e-50 
1 7020.61998537  7.40343189701e-53 
1 7020.71998537  4.44067681453e-56 
1 7020.81998537  1.89832309137e-59 
1 7020.91998537  5.72513491349e-63 
1 7021.01998537  1.20564807274e-66 
1 7021.11998537  1.75442207835e-70 
1 7021.21998537  1.74550310318e-74 
1 7021.31998537  1.17465235102e-78 
1 7021.41998537  5.28888706179e-83 
1 7021.51998537  1.57573917495e-87 
1 7021.61998537  3.07187266365e-92 
1 7021.71998537  3.87426675323e-97 
1 7021.81998537  3.12497620875e-102 
1 7021.91998537  1.59335703912e-107 
1 7022.01998537  5.07530150228e-113 
1 7022.11998537  9.9793203704e-119 
1 7022.21998537  1.19666704966e-124 
1 7022.31998537  8.64483444448e-131 
1 7022.41998537  3.71589637985e-137 
1 7022.51998537  9.38515648049e-144 
1 7022.61998537  1.37522180037e-150 
1 7022.71998537  1.15418237855e-157 
1 7022.81998537  5.47644337291e-165 
1 7022.91998537  1.44988013537e-172 
1 7023.01998537  2.11347276551e-180 
1 7023.11998537  1.67358913244e-188 
1 7023.21998537  7.10199081897e-197 
1 7023.31998537  1.59300347485e-205 
1 7023.41998537  1.86260104225e-214 
1 7023.51998537  1.11940041252e-223 
1 7023.61998537  3.40913690822e-233 
1 7023.71998537  5.1863580227e-243 
1 7023.81998537  3.88454524068e-253 
1 7023.91998537  1.41160418447e-263 
1 7024.01998537  2.45217258775e-274 
1 7024.11998537  2.00613247278e-285 
1 7024.21998537  7.61340007604e-297 
1 7024.31998537  1.32002760477e-308 
1 7024.41998537  1.02963280593e-320 
1 7024.51998537  0.0 
1 7024.61998537  0.0 
1 7024.71998537  0.0 
1 7024.81998537  0.0 
1 7024.91998537  0.0 
1 7025.01998537  0.0 
1 7025.11998537  0.0 
1 7025.21998537  0.0 
1 7025.31998537  0.0 
1 7025.41998537  0.0 
1 7025.51998537  0.0 
1 7025.61998537  0.0 
1 7025.71998537  0.0 
1 7025.81998537  0.0 
1 7025.91998537  0.0 
1 7026.01998537  0.0 
1 7026.11998537  0.0 
1 7026.21998537  0.0 
1 7026.31998537  0.0 
1 7026.41998537  0.0 
1 7026.51998537  0.0 
1 7026.61998537  0.0 
1 7026.71998537  0.0 
1 7026.81998537  0.0 
1 7026.91998537  0.0 
1 7027.01998537  0.0 
1 7027.11998537  0.0 
1 7027.21998537  0.0 
1 7027.31998537  0.0 
1 7027.41998537  0.0 
1 7027.51998537  0.0 
1 7027.61998537  0.0 
1 7027.71998537  0.0 
1 7027.81998537  0.0 
1 7027.91998537  0.0 
1 7028.01998537  0.0 
